id,date,time,temp,hum,vibr
,17/11/2021,17:25:33,29.58,66.24,0.02
,17/11/2021,17:25:52,29.66,66.07,-0.40
,17/11/2021,17:26:12,29.71,65.78,-0.22
,17/11/2021,17:26:32,29.75,63.26,0.10
,17/11/2021,17:26:51,29.80,65.20,-0.27
,17/11/2021,17:27:12,29.90,65.45,0.36
,17/11/2021,17:27:31,29.97,64.85,0.30
,17/11/2021,17:27:52,29.96,64.59,0.13
,17/11/2021,17:28:11,30.00,64.58,0.10
,17/11/2021,17:28:30,30.05,64.46,0.23
,17/11/2021,17:28:51,30.03,63.30,-0.03
,17/11/2021,17:29:10,30.01,64.30,0.12
,17/11/2021,17:29:30,30.03,64.36,-0.11
,17/11/2021,17:29:50,30.08,63.10,0.15
,17/11/2021,17:30:09,30.12,63.92,-0.41
,17/11/2021,17:30:29,30.12,64.18,0.11
,17/11/2021,17:30:49,30.11,63.97,-0.73
,17/11/2021,17:31:09,30.08,64.30,-0.04
,17/11/2021,17:31:29,30.00,64.64,0.03
,17/11/2021,17:31:48,29.90,65.12,0.05
,17/11/2021,17:32:08,29.85,64.06,0.11
,17/11/2021,17:32:29,29.86,63.11,0.09
,17/11/2021,17:32:48,29.88,64.31,0.07
,17/11/2021,17:33:08,29.90,65.08,0.09
,17/11/2021,17:33:28,29.97,65.22,0.08
,17/11/2021,17:33:47,30.05,64.70,0.05
,17/11/2021,17:34:07,30.08,63.57,0.07
,17/11/2021,17:34:27,30.14,64.69,0.10
,17/11/2021,17:34:47,30.16,65.06,0.54
,17/11/2021,17:35:06,30.15,65.12,-0.27
,17/11/2021,17:35:26,30.14,65.24,-0.02
,17/11/2021,17:35:46,30.18,64.93,0.14
,17/11/2021,17:36:06,30.19,65.33,0.16
,17/11/2021,17:36:26,30.20,65.19,0.12
,17/11/2021,17:36:45,30.15,65.31,-0.26
,17/11/2021,17:37:05,30.11,65.43,0.15
,17/11/2021,17:37:25,30.04,64.10,-0.21
,17/11/2021,17:37:45,29.99,65.33,-0.04
,17/11/2021,17:38:05,29.88,64.69,0.02
,17/11/2021,17:38:25,29.81,65.45,0.14
,17/11/2021,17:38:44,29.66,57.74,0.45
,17/11/2021,17:39:09,29.41,57.01,0.28
,17/11/2021,17:39:25,29.13,57.22,-0.07
,17/11/2021,17:39:43,29.09,62.92,0.13
,17/11/2021,17:40:03,29.36,69.37,-0.03
,17/11/2021,17:40:22,29.62,70.50,0.54
,17/11/2021,17:40:42,29.80,70.39,0.26
,17/11/2021,17:41:02,29.84,70.45,0.01
,17/11/2021,17:41:22,29.85,70.83,0.19
,17/11/2021,17:41:41,29.85,71.12,0.40
,17/11/2021,17:42:01,29.84,71.46,0.52
,17/11/2021,17:42:21,29.84,71.80,0.58
,17/11/2021,17:42:42,29.84,72.15,-0.01
,17/11/2021,17:43:01,29.70,59.38,0.48
,17/11/2021,17:43:20,29.43,53.64,-0.06
,17/11/2021,17:43:40,29.17,52.33,-0.03
,17/11/2021,17:44:02,28.93,52.06,0.07
,17/11/2021,17:44:19,28.72,52.09,0.06
,17/11/2021,17:44:39,28.53,52.12,0.32
,17/11/2021,17:44:59,28.38,52.11,0.00
,17/11/2021,17:45:19,28.24,52.20,0.43
,17/11/2021,17:45:39,28.09,52.26,0.06
,17/11/2021,17:45:58,27.96,52.14,-0.60
,17/11/2021,17:46:18,27.87,52.06,-0.02
,17/11/2021,17:46:38,27.76,52.03,0.15
,17/11/2021,17:46:58,27.66,52.05,0.04
,17/11/2021,17:47:18,27.60,52.00,0.46
,17/11/2021,17:47:37,27.52,51.84,0.16
,17/11/2021,17:47:57,27.45,51.70,-0.08
,17/11/2021,17:48:17,27.35,51.50,-0.17
,17/11/2021,17:48:39,27.30,51.37,0.49
,17/11/2021,17:48:57,27.23,51.23,0.06
,17/11/2021,17:49:16,27.16,51.09,0.26
,17/11/2021,17:49:36,27.12,51.03,0.66
,17/11/2021,17:49:56,27.07,50.93,0.35
,17/11/2021,17:50:15,27.04,50.82,0.38
,17/11/2021,17:50:35,27.00,50.59,-0.18
,17/11/2021,17:50:55,26.95,50.32,0.36
,17/11/2021,17:51:15,26.91,50.21,0.08
,17/11/2021,17:51:35,26.88,50.09,0.55
,17/11/2021,17:51:54,26.87,49.89,-0.23
,17/11/2021,17:52:14,26.84,49.75,-0.11
,17/11/2021,17:52:34,26.82,49.40,0.59
,17/11/2021,17:52:54,26.78,49.18,-0.16
,17/11/2021,17:53:13,26.74,49.07,-0.14
,17/11/2021,17:53:33,26.72,48.99,-0.50
,17/11/2021,17:53:53,26.69,48.63,-0.10
,17/11/2021,17:54:13,26.66,48.46,-0.46
,17/11/2021,17:54:33,26.62,48.32,0.33
,17/11/2021,17:54:53,26.58,48.08,0.20
,17/11/2021,17:55:14,26.53,47.94,0.29
,17/11/2021,17:55:32,26.47,47.75,-0.15
,17/11/2021,17:55:52,26.43,47.63,-0.23
,17/11/2021,17:56:11,26.40,47.48,-0.27
,17/11/2021,17:56:31,26.38,47.36,0.29
,17/11/2021,17:57:34,26.32,46.97,0.32
,17/11/2021,17:58:32,26.31,46.76,0.13
,17/11/2021,17:59:08,26.25,46.26,-0.47
,17/11/2021,17:59:47,26.27,45.87,0.28
,17/11/2021,18:00:50,26.28,45.61,-0.20
,17/11/2021,18:01:08,26.31,46.55,0.01
,17/11/2021,18:01:46,26.32,47.29,-0.12
,17/11/2021,18:02:26,26.28,47.67,0.21
,17/11/2021,18:03:30,26.29,47.56,-0.25
,17/11/2021,18:04:04,26.34,47.37,0.53
,17/11/2021,18:04:26,26.36,47.58,0.37
,17/11/2021,18:05:04,26.38,47.85,-0.22
,17/11/2021,18:06:08,26.42,48.16,0.23
,17/11/2021,18:06:44,26.42,48.91,0.06
,17/11/2021,18:07:22,26.42,49.49,0.22
,17/11/2021,18:08:02,26.40,50.10,-0.05
,17/11/2021,18:08:46,26.43,50.34,-0.15
,17/11/2021,18:09:04,26.46,50.18,0.12
,17/11/2021,18:09:41,26.46,50.13,0.19
,17/11/2021,18:10:20,26.48,50.29,-0.05
,17/11/2021,18:11:00,26.50,50.95,-0.41
,17/11/2021,18:11:39,26.53,51.51,0.28
,17/11/2021,18:12:42,26.55,51.48,0.29
,17/11/2021,18:13:18,26.50,51.15,0.02
,17/11/2021,18:14:02,26.47,50.99,0.22
,17/11/2021,18:15:01,26.47,51.09,0.27
,17/11/2021,18:16:00,26.47,50.71,-0.33
,17/11/2021,18:16:35,26.35,50.51,0.28
,17/11/2021,18:17:16,26.28,50.28,-0.19
,17/11/2021,18:18:23,26.12,49.74,0.24
,17/11/2021,18:18:54,26.09,49.26,0.40
,17/11/2021,18:19:15,26.03,48.91,0.15
,17/11/2021,18:19:53,26.04,48.71,0.01
,17/11/2021,18:20:15,26.04,48.24,-0.12
,17/11/2021,18:21:16,26.03,48.02,0.54
,17/11/2021,18:21:52,25.94,47.41,-0.08
,17/11/2021,18:22:13,25.96,47.02,0.30
,17/11/2021,18:22:51,25.93,46.73,0.12
,17/11/2021,18:23:35,25.94,46.31,0.52
,17/11/2021,18:24:12,25.96,45.80,0.10
,17/11/2021,18:24:50,25.90,45.40,-0.05
,17/11/2021,18:25:29,25.89,45.09,0.18
,17/11/2021,18:25:50,25.85,44.68,0.25
,17/11/2021,18:26:28,25.82,44.56,0.63
,17/11/2021,18:26:50,25.77,44.21,0.23
,17/11/2021,18:27:28,25.77,44.12,-0.20
,17/11/2021,18:29:13,25.74,44.14,0.07
,17/11/2021,18:29:46,25.75,43.78,0.06
,17/11/2021,18:30:26,25.81,44.43,0.05
,17/11/2021,18:31:05,25.89,45.17,0.09
,17/11/2021,18:31:27,25.97,44.96,0.06
,17/11/2021,18:33:05,26.23,46.12,0.07
,17/11/2021,18:33:43,26.27,45.31,0.08
,17/11/2021,18:34:05,26.36,47.56,0.07
,17/11/2021,18:34:43,26.40,46.43,0.08
,17/11/2021,18:35:22,26.47,43.96,0.08
,17/11/2021,18:37:41,26.76,46.08,0.07
,17/11/2021,18:38:20,26.82,47.09,0.08
,17/11/2021,18:39:00,26.89,46.83,0.08
,17/11/2021,18:39:21,26.96,44.60,0.06
,17/11/2021,18:40:00,27.00,45.51,0.09
,17/11/2021,18:40:39,27.06,44.51,0.11
,17/11/2021,18:41:18,27.12,44.90,0.06
,17/11/2021,18:42:22,27.18,43.93,0.09
,17/11/2021,18:42:57,27.25,43.93,0.09
,17/11/2021,18:43:18,27.29,43.13,0.11
,17/11/2021,18:43:57,27.31,43.38,0.06
,17/11/2021,18:44:59,27.35,43.09,0.06
,17/11/2021,18:45:35,27.42,43.12,0.09
,17/11/2021,18:46:14,27.45,43.47,0.07
,17/11/2021,18:47:18,27.50,43.27,0.09
,17/11/2021,18:47:35,27.55,42.93,0.09
,17/11/2021,18:48:13,27.57,42.95,0.09
,17/11/2021,18:48:35,27.60,42.84,0.06
,17/11/2021,18:49:12,27.62,44.70,0.08
,17/11/2021,18:50:15,27.65,43.26,0.06
,17/11/2021,18:50:52,27.70,45.59,0.08
,17/11/2021,18:51:31,27.72,44.06,0.07
,17/11/2021,18:51:52,27.76,43.55,0.08
,17/11/2021,18:52:30,27.76,43.31,0.07
,17/11/2021,18:53:33,27.80,43.54,0.09
,17/11/2021,18:54:09,27.84,43.74,0.07
,17/11/2021,18:54:30,27.88,43.82,0.07
,17/11/2021,18:55:08,27.88,44.47,0.08
,17/11/2021,18:55:48,27.91,44.21,0.08
,17/11/2021,18:56:10,27.94,44.07,0.10
,17/11/2021,18:56:47,27.94,44.49,0.07
,17/11/2021,18:57:27,27.96,44.15,0.07
,17/11/2021,18:57:48,27.99,44.10,0.05
,17/11/2021,18:58:26,28.00,44.27,0.06
,17/11/2021,18:59:05,28.02,44.32,0.06
,17/11/2021,18:59:27,28.03,43.98,-0.22
,17/11/2021,19:00:05,28.02,43.77,0.07
,17/11/2021,19:00:44,27.99,44.20,0.03
,17/11/2021,19:01:24,27.92,44.93,0.30
,17/11/2021,19:02:09,27.77,45.07,-0.38
,17/11/2021,19:02:25,27.70,45.14,0.19
,17/11/2021,19:03:03,27.68,45.10,0.16
,17/11/2021,19:04:06,27.53,44.92,0.13
,17/11/2021,19:05:06,27.40,44.72,-0.22
,17/11/2021,19:05:41,27.26,44.40,-0.25
,17/11/2021,19:06:03,27.16,44.14,0.23
,17/11/2021,19:06:40,27.12,44.04,0.07
,17/11/2021,19:08:39,26.89,43.35,0.34
,17/11/2021,19:09:19,26.82,43.08,0.37
,17/11/2021,19:09:59,26.73,42.81,-0.12
,17/11/2021,19:10:20,26.65,42.73,0.38
,17/11/2021,19:10:57,26.62,42.65,0.59
,17/11/2021,19:12:00,26.57,42.37,0.02
,17/11/2021,19:12:41,26.53,41.93,0.09
,17/11/2021,19:12:58,26.48,41.53,0.16
,17/11/2021,19:13:36,26.44,41.46,-0.44
,17/11/2021,19:14:15,26.42,41.30,0.08
,17/11/2021,19:14:54,26.38,40.99,0.07
,17/11/2021,19:15:58,26.31,41.17,0.06
,17/11/2021,19:16:33,26.28,42.66,0.05
,17/11/2021,19:16:55,26.32,43.18,-0.24
,17/11/2021,19:17:33,26.35,43.33,0.10
,17/11/2021,19:19:13,26.39,43.41,-0.12
,17/11/2021,19:19:51,26.38,43.24,0.20
,17/11/2021,19:20:31,26.36,43.00,0.29
,17/11/2021,19:21:10,26.34,42.77,0.70
,17/11/2021,19:21:32,26.34,42.52,0.47
,17/11/2021,19:22:09,26.35,42.33,-0.12
,17/11/2021,19:22:48,26.31,41.95,0.17
,17/11/2021,19:23:33,26.29,41.65,-0.19
,17/11/2021,19:24:31,26.27,41.41,-0.04
,17/11/2021,19:25:07,26.23,41.10,0.08
,17/11/2021,19:25:29,26.20,40.93,0.05
,17/11/2021,19:26:06,26.19,40.94,0.07
,17/11/2021,19:26:46,26.17,41.26,0.07
,17/11/2021,19:27:49,26.19,41.69,0.09
,17/11/2021,19:28:49,26.21,42.66,0.07
,17/11/2021,19:29:06,26.25,43.08,0.19
,17/11/2021,19:29:26,26.27,42.79,0.20
,17/11/2021,19:30:03,26.27,42.61,-0.08
,17/11/2021,19:30:25,26.25,42.44,0.13
,17/11/2021,19:30:45,26.25,42.30,-0.29
,17/11/2021,19:31:23,26.25,42.14,0.04
,17/11/2021,19:32:02,26.23,41.91,0.02
,17/11/2021,19:32:42,26.23,41.71,0.57
,17/11/2021,19:33:21,26.20,41.33,0.03
,17/11/2021,19:34:00,26.17,41.13,0.05
,17/11/2021,19:35:13,26.17,40.81,0.08
,17/11/2021,19:35:40,26.16,40.55,0.07
,17/11/2021,19:36:01,26.12,40.63,0.09
,17/11/2021,19:36:21,26.12,40.74,0.06
,17/11/2021,19:37:22,26.12,41.91,0.08
,17/11/2021,19:37:58,26.12,42.00,0.06
,17/11/2021,19:38:37,26.17,42.05,0.08
,17/11/2021,19:39:17,26.24,42.07,0.08
,17/11/2021,19:39:58,26.32,42.02,0.03
,17/11/2021,19:40:36,26.42,41.92,0.05
,17/11/2021,19:40:57,26.51,41.86,0.07
,17/11/2021,19:41:35,26.55,41.88,0.06
,17/11/2021,19:41:57,26.63,41.88,0.07
,17/11/2021,19:42:34,26.68,41.67,0.06
,17/11/2021,19:42:56,26.73,42.72,0.07
,17/11/2021,19:43:16,26.77,42.77,0.07
,17/11/2021,19:43:54,26.80,42.74,0.07
,17/11/2021,19:44:33,26.87,42.55,0.08
,17/11/2021,19:44:55,26.91,42.33,0.07
,17/11/2021,19:45:33,26.93,42.33,0.08
,17/11/2021,19:46:12,27.00,42.18,0.09
,17/11/2021,19:46:52,27.06,42.02,0.06
,17/11/2021,19:47:55,27.11,41.99,0.08
,17/11/2021,19:48:54,27.18,41.88,0.09
,17/11/2021,19:49:30,27.25,41.85,0.08
,17/11/2021,19:49:51,27.30,41.78,0.05
,17/11/2021,19:50:11,27.33,41.79,0.07
,17/11/2021,19:50:30,27.34,41.77,0.07
,17/11/2021,19:51:32,27.37,41.76,0.06
,17/11/2021,19:52:08,27.41,41.74,0.04
,17/11/2021,19:52:29,27.44,41.74,0.06
,17/11/2021,19:53:07,27.46,41.76,0.05
,17/11/2021,19:54:48,27.55,41.80,0.10
,17/11/2021,19:55:25,27.57,41.81,0.06
,17/11/2021,19:56:13,27.58,41.86,0.06
,17/11/2021,19:56:26,27.61,41.88,0.09
,17/11/2021,19:57:04,27.62,41.88,0.07
,17/11/2021,19:57:44,27.64,41.88,0.05
,17/11/2021,19:58:23,27.66,41.88,0.10
,17/11/2021,19:59:27,27.68,41.88,0.07
,17/11/2021,20:00:02,27.72,41.99,0.07
,17/11/2021,20:00:41,27.72,42.00,0.08
,17/11/2021,20:01:50,27.73,42.07,0.07
,17/11/2021,20:02:03,27.77,42.16,0.09
,17/11/2021,20:02:40,27.77,42.21,0.09
,17/11/2021,20:04:21,27.83,42.39,0.11
,17/11/2021,20:04:40,27.83,42.41,0.09
,17/11/2021,20:05:18,27.84,42.43,0.09
,17/11/2021,20:05:58,27.84,42.46,0.08
,17/11/2021,20:07:06,27.85,42.57,0.11
,17/11/2021,20:07:38,27.88,42.65,0.09
,17/11/2021,20:08:16,27.90,42.75,0.09
,17/11/2021,20:08:56,27.91,42.88,0.07
,17/11/2021,20:09:17,27.92,42.90,0.09
,17/11/2021,20:10:18,27.92,42.95,0.05
,17/11/2021,20:10:54,27.92,43.08,0.09
,17/11/2021,20:11:58,27.92,43.18,0.09
,17/11/2021,20:12:38,27.94,43.26,0.09
,17/11/2021,20:13:13,27.95,43.33,0.07
,17/11/2021,20:13:34,27.96,43.45,0.05
,17/11/2021,20:14:12,27.96,43.52,0.10
,17/11/2021,20:15:15,27.99,43.61,0.07
,17/11/2021,20:16:15,28.00,43.66,0.07
,17/11/2021,20:17:01,28.02,43.73,0.08
,17/11/2021,20:17:12,27.98,43.76,0.08
,17/11/2021,20:17:50,28.02,43.95,0.08
,17/11/2021,20:18:53,28.03,44.07,0.08
,17/11/2021,20:19:16,28.04,44.21,0.09
,17/11/2021,20:19:49,27.99,44.09,0.07
,17/11/2021,20:20:29,28.06,44.27,0.08
,17/11/2021,20:21:08,28.07,44.31,0.05
,17/11/2021,20:21:47,28.07,44.37,0.05
,17/11/2021,20:22:26,28.09,44.48,0.06
,17/11/2021,20:22:47,28.09,44.59,0.07
,17/11/2021,20:23:07,28.09,44.65,0.09
,17/11/2021,20:23:46,28.10,44.77,0.08
,17/11/2021,20:24:25,28.10,44.77,0.08
,17/11/2021,20:25:28,28.10,44.84,0.07
,17/11/2021,20:26:27,28.13,44.81,0.07
,17/11/2021,20:27:03,28.13,45.03,0.07
,17/11/2021,20:27:42,28.14,45.23,0.07
,17/11/2021,20:28:04,28.14,45.32,0.09
,17/11/2021,20:28:42,28.14,45.31,0.10
,17/11/2021,20:29:45,28.15,45.25,0.08
,17/11/2021,20:30:21,28.15,45.45,0.08
,17/11/2021,20:30:42,28.17,45.40,0.08
,17/11/2021,20:31:32,28.18,45.31,0.09
,17/11/2021,20:32:11,28.18,45.50,0.06
,17/11/2021,20:32:39,28.18,45.69,0.09
,17/11/2021,20:33:43,28.18,45.73,0.06
,17/11/2021,20:34:18,28.19,45.84,0.09
,17/11/2021,20:34:58,28.19,45.95,0.05
,17/11/2021,20:35:37,28.21,46.01,0.07
,17/11/2021,20:35:59,28.21,45.87,0.07
,17/11/2021,20:36:18,28.22,45.87,0.08
,17/11/2021,20:36:56,28.22,45.94,0.08
,17/11/2021,20:37:36,28.22,46.01,0.06
,17/11/2021,20:38:15,28.24,46.09,0.08
,17/11/2021,20:39:20,28.24,46.26,0.04
,17/11/2021,20:39:55,28.25,46.26,0.09
,17/11/2021,20:40:16,28.25,46.20,0.09
,17/11/2021,20:40:53,28.25,46.30,0.08
,17/11/2021,20:41:33,28.26,46.55,0.06
,17/11/2021,20:42:13,28.26,46.64,0.07
,17/11/2021,20:42:52,28.26,46.59,0.07
,17/11/2021,20:43:44,28.28,46.62,0.07
,17/11/2021,20:43:53,28.29,46.66,0.04
,17/11/2021,20:44:34,28.29,46.66,0.07
,17/11/2021,20:45:11,28.29,46.76,0.08
,17/11/2021,20:45:50,28.29,47.00,0.08
,17/11/2021,20:46:30,28.29,47.08,0.05
,17/11/2021,20:47:10,28.30,47.27,0.08
,17/11/2021,20:47:49,28.30,47.29,0.07
,17/11/2021,20:48:28,28.30,47.35,0.08
,17/11/2021,20:49:35,28.30,47.48,0.07
,17/11/2021,20:50:10,28.32,47.44,0.09
,17/11/2021,20:50:47,28.32,47.50,0.07
,17/11/2021,20:51:51,28.32,47.65,0.08
,17/11/2021,20:52:08,28.32,47.60,0.06
,17/11/2021,20:52:28,28.32,47.67,0.06
,17/11/2021,20:53:05,28.33,47.76,0.07
,17/11/2021,20:54:08,28.32,47.81,0.05
,17/11/2021,20:54:44,28.33,47.78,0.08
,17/11/2021,20:56:43,28.33,48.18,0.09
,17/11/2021,20:58:41,28.33,48.49,0.08
,17/11/2021,20:59:03,28.34,48.49,0.06
,17/11/2021,21:00:05,28.34,48.49,0.08
,17/11/2021,21:00:40,28.33,48.89,0.07
,17/11/2021,21:01:08,28.34,48.80,0.07
,17/11/2021,21:02:15,28.36,48.75,0.07
,17/11/2021,21:03:46,28.36,48.99,0.05
,17/11/2021,21:04:00,28.37,48.95,0.09
,17/11/2021,21:04:37,28.36,48.97,0.05
,17/11/2021,21:08:07,28.36,49.42,0.05
,17/11/2021,21:08:26,28.37,49.33,0.08
,17/11/2021,21:09:06,28.37,49.35,0.08
,17/11/2021,21:09:58,28.37,49.57,0.09
,17/11/2021,21:11:40,28.36,49.70,0.08
,17/11/2021,21:12:00,28.37,49.89,0.08
,17/11/2021,21:12:32,28.38,49.90,0.10
,17/11/2021,21:14:23,28.38,50.16,0.06
,17/11/2021,21:14:43,28.38,50.14,0.09
,17/11/2021,21:14:58,28.38,50.14,0.09
,17/11/2021,21:15:31,28.40,50.14,0.06
,17/11/2021,21:15:51,28.38,50.16,0.10
,17/11/2021,21:18:12,28.37,50.22,0.06
,17/11/2021,21:18:36,28.38,50.40,0.08
,17/11/2021,21:20:16,28.37,50.54,0.09
,17/11/2021,21:20:47,28.37,50.46,0.08
,17/11/2021,21:22:33,28.37,50.99,0.09
,17/11/2021,21:24:24,28.37,50.97,0.06
,17/11/2021,21:25:04,28.37,51.01,0.08
,17/11/2021,21:25:27,28.38,51.06,0.07
,17/11/2021,21:26:08,28.38,51.11,0.09
,17/11/2021,21:26:43,28.38,51.26,0.07
,17/11/2021,21:28:23,28.38,51.58,0.06
,17/11/2021,21:30:32,28.37,51.74,0.06
,17/11/2021,21:30:59,28.37,51.80,0.06
,17/11/2021,21:31:21,28.37,51.80,0.06
,17/11/2021,21:31:59,28.37,52.06,0.08
,17/11/2021,21:33:14,28.37,52.14,0.06
,17/11/2021,21:35:33,28.36,52.31,0.09
,17/11/2021,21:38:22,28.36,52.77,0.07
,17/11/2021,21:39:30,28.37,52.70,0.08
,17/11/2021,21:40:05,28.37,52.70,0.08
,17/11/2021,21:40:45,28.36,53.00,0.07
,17/11/2021,21:41:25,28.36,53.67,0.06
,17/11/2021,21:42:05,28.36,53.15,0.08
,17/11/2021,21:42:14,28.36,53.05,0.07
,18/11/2021,00:38:44,28.07,63.35,0.07
,18/11/2021,00:39:33,28.06,64.40,0.09
,18/11/2021,00:40:13,28.07,63.95,0.06
,18/11/2021,00:41:16,28.06,63.64,0.08
,18/11/2021,00:41:52,28.06,62.95,0.08
,18/11/2021,00:42:13,28.07,62.55,0.06
,18/11/2021,00:42:51,28.06,62.76,0.09
,18/11/2021,00:43:55,28.06,63.49,0.08
,18/11/2021,00:44:31,28.07,63.24,0.05
,18/11/2021,00:45:09,28.06,63.49,0.08
,18/11/2021,00:45:31,28.07,64.12,0.08
,18/11/2021,00:46:33,28.06,64.31,0.10
,18/11/2021,00:47:08,28.04,64.22,0.07
,18/11/2021,00:47:47,28.04,64.07,0.08
,18/11/2021,00:48:51,28.04,64.93,0.07
,18/11/2021,00:49:26,28.03,64.48,0.06
,18/11/2021,00:49:58,28.03,63.73,0.06
,18/11/2021,00:50:26,28.03,63.60,0.05
,18/11/2021,00:50:47,28.02,63.31,0.07
,18/11/2021,00:51:25,28.03,64.37,0.05
,18/11/2021,00:51:47,28.02,63.96,0.11
,18/11/2021,00:52:07,28.02,63.59,0.08
,18/11/2021,00:53:45,28.00,64.03,0.07
,18/11/2021,00:54:23,28.00,63.75,0.10
,18/11/2021,00:55:03,28.00,63.78,0.07
,18/11/2021,00:55:28,28.02,63.98,0.08
,18/11/2021,00:56:02,28.02,63.73,0.11
,18/11/2021,00:56:41,28.02,65.12,0.08
,18/11/2021,00:57:45,28.00,64.59,0.09
,18/11/2021,00:58:09,27.99,64.34,0.08
,18/11/2021,00:58:40,28.00,64.14,0.07
,18/11/2021,00:59:02,28.00,64.20,0.07
,18/11/2021,00:59:22,27.99,64.50,0.07
,18/11/2021,00:59:59,27.99,63.71,0.10
,18/11/2021,01:00:39,27.98,63.30,0.05
,18/11/2021,01:01:18,28.00,63.49,0.08
,18/11/2021,01:02:22,27.99,64.23,0.07
,18/11/2021,01:02:58,28.00,64.57,0.08
,18/11/2021,01:03:24,27.98,63.85,0.08
,18/11/2021,01:03:39,27.98,63.64,0.08
,18/11/2021,01:04:41,27.96,64.64,0.08
,18/11/2021,01:05:16,27.98,64.51,0.05
,18/11/2021,01:05:38,27.96,64.34,0.09
,18/11/2021,04:23:10,27.57,67.78,0.07
,18/11/2021,04:23:32,27.57,67.66,0.06
,18/11/2021,04:23:42,27.57,67.76,0.07
,18/11/2021,04:24:01,27.58,68.06,0.08
,18/11/2021,04:24:21,27.57,68.13,0.06
,18/11/2021,04:24:41,27.57,68.10,0.07
,18/11/2021,04:25:01,27.57,67.93,0.09
,18/11/2021,04:25:20,27.57,68.01,0.06
,18/11/2021,04:25:40,27.57,68.15,0.07
,18/11/2021,04:26:00,27.58,68.08,0.07
,18/11/2021,04:26:20,27.57,68.15,0.08
,18/11/2021,04:26:40,27.58,68.37,0.07
,18/11/2021,04:26:59,27.57,68.35,0.05
,18/11/2021,04:27:21,27.57,68.18,0.07
,18/11/2021,04:27:39,27.55,68.19,0.08
,18/11/2021,04:27:59,27.57,68.56,0.09
,18/11/2021,04:28:18,27.57,68.90,0.07
,18/11/2021,04:28:38,27.55,68.84,0.07
,18/11/2021,04:28:58,27.55,68.42,0.07
,18/11/2021,04:29:18,27.55,68.23,0.06
,18/11/2021,04:29:38,27.55,68.15,0.09
,18/11/2021,04:29:57,27.55,68.44,0.08
,18/11/2021,04:30:17,27.55,68.49,0.09
,18/11/2021,04:30:37,27.57,68.84,0.09
,18/11/2021,04:30:57,27.55,68.68,0.05
,18/11/2021,04:31:16,27.57,68.35,0.09
,18/11/2021,04:31:36,27.53,68.33,0.07
,18/11/2021,04:31:56,27.55,68.38,0.09
,18/11/2021,04:32:16,27.55,68.25,0.08
,18/11/2021,04:32:36,27.53,68.23,0.07
,18/11/2021,04:32:55,27.55,68.33,0.07
,18/11/2021,04:33:16,27.53,68.35,0.07
,18/11/2021,04:33:36,27.53,68.59,0.07
,18/11/2021,04:33:55,27.55,68.46,0.05
,18/11/2021,04:34:15,27.53,68.27,0.07
,18/11/2021,04:34:34,27.53,68.09,0.09
,18/11/2021,04:34:54,27.53,67.96,0.09
,18/11/2021,04:35:14,27.52,67.88,0.09
,18/11/2021,04:35:34,27.53,68.23,0.07
,18/11/2021,04:35:53,27.53,68.27,0.06
,18/11/2021,04:36:13,27.52,68.25,0.08
,18/11/2021,04:36:33,27.53,68.63,0.07
,18/11/2021,04:36:53,27.52,68.76,0.09
,18/11/2021,04:37:13,27.52,68.84,0.09
,18/11/2021,04:37:32,27.52,68.66,0.09
,18/11/2021,04:37:54,27.52,68.76,0.07
,18/11/2021,04:38:12,27.52,68.68,0.09
,18/11/2021,04:38:31,27.52,68.38,0.08
,18/11/2021,04:38:51,27.53,68.30,0.07
,18/11/2021,04:39:11,27.52,68.30,0.09
,18/11/2021,04:39:31,27.52,68.42,0.09
,18/11/2021,04:39:51,27.52,68.35,0.08
,18/11/2021,04:40:10,27.52,68.30,0.09
,18/11/2021,04:40:30,27.52,68.65,0.07
,18/11/2021,04:40:50,27.52,68.51,0.07
,18/11/2021,04:41:10,27.52,68.46,0.08
,18/11/2021,04:41:29,27.52,68.42,0.09
,18/11/2021,04:41:49,27.52,68.38,0.08
,18/11/2021,04:42:09,27.52,68.38,0.06
,18/11/2021,04:42:29,27.52,68.79,0.09
,18/11/2021,04:42:49,27.52,68.72,0.06
,18/11/2021,04:43:09,27.52,68.49,0.07
,18/11/2021,04:43:29,27.52,68.35,0.06
,18/11/2021,04:43:49,27.52,68.27,0.07
,18/11/2021,04:44:08,27.52,68.53,0.06
,18/11/2021,04:44:28,27.52,68.49,0.08
,18/11/2021,04:44:48,27.50,68.43,0.08
,18/11/2021,04:45:07,27.52,68.51,0.11
,18/11/2021,04:45:27,27.52,68.51,0.09
,18/11/2021,04:45:47,27.52,68.38,0.07
,18/11/2021,04:46:06,27.53,68.33,0.05
,18/11/2021,04:46:27,27.52,68.61,0.06
,18/11/2021,04:46:46,27.52,69.02,0.07
,18/11/2021,04:47:06,27.52,68.66,0.04
,18/11/2021,04:47:26,27.52,68.40,0.05
,18/11/2021,04:47:45,27.52,68.40,0.07
,18/11/2021,04:48:05,27.52,68.51,0.09
,18/11/2021,04:48:26,27.49,68.43,0.07
,18/11/2021,04:48:45,27.50,68.30,0.07
,18/11/2021,04:49:04,27.50,68.28,0.07
,18/11/2021,04:49:24,27.50,68.17,0.09
,18/11/2021,04:49:44,27.50,68.13,0.07
,18/11/2021,04:50:04,27.50,68.13,0.07
,18/11/2021,04:50:24,27.50,68.51,0.09
,18/11/2021,04:50:43,27.50,68.37,0.07
,18/11/2021,04:51:03,27.50,68.49,0.09
,18/11/2021,04:51:25,27.50,68.60,0.06
,18/11/2021,04:51:43,27.50,68.75,0.09
,18/11/2021,04:52:02,27.50,68.60,0.10
,18/11/2021,04:52:22,27.49,68.39,0.05
,18/11/2021,04:52:42,27.49,68.35,0.08
,18/11/2021,04:53:02,27.50,68.21,0.08
,18/11/2021,04:53:22,27.50,68.21,0.07
,18/11/2021,04:53:42,27.49,68.18,0.09
,18/11/2021,04:54:02,27.49,68.28,0.06
,18/11/2021,04:54:21,27.49,68.43,0.05
,18/11/2021,04:54:41,27.49,68.35,0.07
,18/11/2021,04:55:00,27.49,68.43,0.09
,18/11/2021,04:55:20,27.49,68.47,0.07
,18/11/2021,04:55:40,27.49,68.41,0.09
,18/11/2021,04:56:00,27.49,68.51,0.06
,18/11/2021,04:56:20,27.49,68.73,0.05
,18/11/2021,04:56:40,27.49,68.60,0.08
,18/11/2021,04:56:59,27.49,68.49,0.09
,18/11/2021,04:57:20,27.49,68.51,0.08
,18/11/2021,04:57:39,27.49,68.56,0.07
,18/11/2021,04:57:58,27.50,68.58,0.03
,18/11/2021,04:58:18,27.49,68.77,0.07
,18/11/2021,04:58:38,27.49,68.82,0.09
,18/11/2021,04:58:58,27.49,68.54,0.05
,18/11/2021,04:59:18,27.49,68.43,0.05
,18/11/2021,04:59:38,27.49,68.21,0.09
,18/11/2021,04:59:57,27.50,68.06,0.06
,18/11/2021,05:00:17,27.49,68.04,0.06
,18/11/2021,05:00:38,27.49,68.35,0.07
,18/11/2021,05:00:57,27.49,68.52,0.06
,18/11/2021,05:01:17,27.49,68.30,0.06
,18/11/2021,05:01:37,27.49,68.60,0.08
,18/11/2021,05:01:56,27.48,68.99,0.07
,18/11/2021,05:02:16,27.49,68.99,0.07
,18/11/2021,05:02:36,27.48,68.80,0.07
,18/11/2021,05:02:55,27.48,68.60,0.10
,18/11/2021,05:03:15,27.48,68.60,0.08
,18/11/2021,05:03:36,27.48,68.84,0.05
,18/11/2021,05:03:55,27.48,68.88,0.09
,18/11/2021,05:04:16,27.48,68.80,0.03
,18/11/2021,05:04:34,27.48,68.54,0.06
,18/11/2021,05:04:54,27.48,68.63,0.05
,18/11/2021,05:05:14,27.46,68.74,0.07
,18/11/2021,05:05:34,27.46,68.61,0.07
,18/11/2021,05:05:54,27.46,68.72,0.09
,18/11/2021,05:06:13,27.46,68.65,0.05
,18/11/2021,05:06:33,27.46,68.89,0.08
,18/11/2021,05:06:53,27.46,68.91,0.09
,18/11/2021,05:07:13,27.46,68.93,0.08
,18/11/2021,05:07:32,27.48,69.16,0.08
,18/11/2021,05:07:53,27.48,69.21,0.09
,18/11/2021,05:08:13,27.46,68.95,0.06
,18/11/2021,05:08:33,27.46,68.79,0.08
,18/11/2021,05:08:52,27.46,69.35,0.06
,18/11/2021,05:09:11,27.48,69.45,0.08
,18/11/2021,05:09:32,27.46,69.15,0.05
,18/11/2021,05:09:51,27.48,69.12,0.07
,18/11/2021,05:10:11,27.45,69.17,0.09
,18/11/2021,05:10:30,27.46,69.20,0.07
,18/11/2021,05:10:50,27.45,69.18,0.08
,18/11/2021,05:11:10,27.45,69.27,0.06
,18/11/2021,05:11:30,27.45,69.33,0.06
,18/11/2021,05:11:50,27.44,69.15,0.06
,18/11/2021,05:12:10,27.45,69.35,0.09
,18/11/2021,05:12:30,27.45,69.20,0.05
,18/11/2021,05:12:49,27.45,69.10,0.06
,18/11/2021,05:13:09,27.44,69.17,0.05
,18/11/2021,05:13:29,27.45,69.22,0.08
,18/11/2021,05:13:48,27.44,69.15,0.06
,18/11/2021,05:14:08,27.45,69.12,0.08
,18/11/2021,05:14:28,27.44,69.00,0.08
,18/11/2021,05:14:48,27.44,69.07,0.08
,18/11/2021,05:15:08,27.44,69.00,0.09
,18/11/2021,05:15:27,27.45,69.43,0.07
,18/11/2021,05:15:47,27.45,69.17,0.08
,18/11/2021,05:16:07,27.44,68.98,0.08
,18/11/2021,05:16:27,27.44,69.04,0.07
,18/11/2021,05:16:47,27.45,69.20,0.09
,18/11/2021,05:17:06,27.44,69.31,0.07
,18/11/2021,05:17:26,27.44,69.56,0.07
,18/11/2021,05:17:46,27.44,69.67,0.10
,18/11/2021,05:18:06,27.45,69.73,0.08
,18/11/2021,05:18:26,27.44,69.37,0.07
,18/11/2021,05:18:45,27.44,69.12,0.08
,18/11/2021,05:19:06,27.44,68.93,0.09
,18/11/2021,05:19:25,27.44,68.91,0.05
,18/11/2021,05:19:45,27.42,68.79,0.05
,18/11/2021,05:20:06,27.44,68.93,0.08
,18/11/2021,05:20:24,27.42,69.13,0.06
,18/11/2021,05:20:44,27.44,69.26,0.04
,18/11/2021,05:21:04,27.44,69.60,0.08
,18/11/2021,05:21:23,27.42,69.79,0.07
,18/11/2021,05:21:43,27.42,69.48,0.05
,18/11/2021,05:22:03,27.42,69.03,0.06
,18/11/2021,05:22:23,27.42,69.03,0.08
,18/11/2021,05:22:43,27.42,69.03,0.08
,18/11/2021,05:23:02,27.42,69.21,0.08
,18/11/2021,05:23:22,27.42,69.16,0.08
,18/11/2021,05:23:42,27.42,69.53,0.10
,18/11/2021,05:24:02,27.41,69.60,0.06
,18/11/2021,05:24:22,27.42,69.21,0.08
,18/11/2021,05:24:42,27.41,69.19,0.07
,18/11/2021,05:25:01,27.41,69.27,0.02
,18/11/2021,05:25:22,27.41,69.29,0.07
,18/11/2021,05:25:41,27.41,69.31,0.06
,18/11/2021,05:26:01,27.41,69.53,0.07
,18/11/2021,05:26:21,27.40,69.40,0.05
,18/11/2021,05:26:41,27.41,69.45,0.06
,18/11/2021,05:27:00,27.41,69.49,0.08
,18/11/2021,05:27:20,27.38,69.35,0.10
,18/11/2021,05:27:39,27.40,69.36,0.05
,18/11/2021,05:27:59,27.40,69.59,0.08
,18/11/2021,05:28:19,27.41,69.70,0.09
,18/11/2021,05:28:39,27.41,69.92,0.07
,18/11/2021,05:28:59,27.40,69.90,0.05
,18/11/2021,05:29:18,27.38,69.62,0.08
,18/11/2021,05:29:38,27.40,69.74,0.08
,18/11/2021,05:29:58,27.40,69.43,0.08
,18/11/2021,05:30:18,27.40,69.38,0.06
,18/11/2021,05:30:38,27.38,69.43,0.08
,18/11/2021,05:30:57,27.40,69.48,0.08
,18/11/2021,05:31:17,27.40,69.36,0.09
,18/11/2021,05:31:37,27.40,69.31,0.05
,18/11/2021,05:31:57,27.40,69.40,0.07
,18/11/2021,05:32:16,27.40,69.59,0.09
,18/11/2021,05:32:36,27.40,69.74,0.06
,18/11/2021,05:32:56,27.40,69.81,0.09
,18/11/2021,05:33:16,27.40,69.62,0.09
,18/11/2021,05:33:35,27.38,69.35,0.07
,18/11/2021,05:33:56,27.40,69.31,0.09
,18/11/2021,05:34:15,27.38,69.29,0.07
,18/11/2021,05:34:35,27.38,69.15,0.08
,18/11/2021,05:34:54,27.40,68.99,0.04
,18/11/2021,05:35:14,27.38,69.00,0.08
,18/11/2021,05:35:34,27.38,69.46,0.06
,18/11/2021,05:35:55,27.38,69.71,0.08
,18/11/2021,05:36:14,27.38,69.82,0.05
,18/11/2021,05:36:34,27.38,69.69,0.09
,18/11/2021,05:36:53,27.38,69.76,0.07
,18/11/2021,05:37:13,27.38,69.65,0.07
,18/11/2021,05:37:33,27.38,69.29,0.07
,18/11/2021,05:37:53,27.38,69.15,0.08
,18/11/2021,05:38:12,27.37,69.22,0.07
,18/11/2021,05:38:32,27.38,69.29,0.05
,18/11/2021,05:38:52,27.38,69.46,0.06
,18/11/2021,05:39:12,27.37,69.48,0.05
,18/11/2021,05:39:31,27.37,69.45,0.07
,18/11/2021,05:39:51,27.38,69.57,0.07
,18/11/2021,05:40:12,27.37,69.45,0.07
,18/11/2021,05:40:31,27.37,69.52,0.07
,18/11/2021,05:40:51,27.37,69.71,0.06
,18/11/2021,05:41:12,27.35,69.39,0.07
,18/11/2021,05:41:30,27.37,69.15,0.09
,18/11/2021,05:41:50,27.35,69.06,0.08
,18/11/2021,05:42:10,27.37,69.02,0.09
,18/11/2021,05:42:30,27.38,69.24,0.07
,18/11/2021,05:42:50,27.37,69.29,0.07
,18/11/2021,05:43:09,27.37,69.57,0.07
,18/11/2021,05:43:29,27.37,69.62,0.07
,18/11/2021,05:43:49,27.37,69.64,0.08
,18/11/2021,05:44:08,27.37,69.88,0.08
,18/11/2021,05:44:28,27.37,69.86,0.11
,18/11/2021,05:44:48,27.37,69.71,0.07
,18/11/2021,05:45:08,27.37,69.60,0.05
,18/11/2021,05:45:28,27.35,69.56,0.06
,18/11/2021,05:45:48,27.35,69.52,0.07
,18/11/2021,05:46:07,27.35,69.56,0.08
,18/11/2021,05:46:28,27.37,69.76,0.07
,18/11/2021,05:46:47,27.37,69.82,0.06
,18/11/2021,05:47:06,27.37,70.06,0.10
,18/11/2021,05:47:26,27.35,69.97,0.08
,18/11/2021,05:47:46,27.35,69.93,0.08
,18/11/2021,05:48:06,27.35,69.99,0.05
,18/11/2021,05:48:26,27.35,69.95,0.07
,18/11/2021,05:48:45,27.35,69.71,0.09
,18/11/2021,05:49:05,27.34,69.78,0.07
,18/11/2021,05:49:25,27.35,70.30,0.06
,18/11/2021,05:49:45,27.35,70.32,0.09
,18/11/2021,05:50:04,27.35,70.72,0.08
,18/11/2021,05:50:24,27.34,70.12,0.07
,18/11/2021,05:50:45,27.34,69.66,0.08
,18/11/2021,05:51:04,27.34,69.60,0.08
,18/11/2021,05:51:24,27.33,69.55,0.07
,18/11/2021,05:51:45,27.34,69.70,0.06
,18/11/2021,05:52:04,27.34,69.83,0.07
,18/11/2021,05:52:23,27.34,70.09,0.08
,18/11/2021,05:52:43,27.34,70.20,0.09
,18/11/2021,05:53:03,27.34,70.18,0.06
,18/11/2021,05:53:23,27.35,70.14,0.08
,18/11/2021,05:53:42,27.34,70.14,0.09
,18/11/2021,05:54:02,27.34,70.31,0.05
,18/11/2021,05:54:22,27.34,70.29,0.07
,18/11/2021,05:54:41,27.33,70.21,0.08
,18/11/2021,05:55:01,27.33,70.07,0.10
,18/11/2021,05:55:21,27.35,69.99,0.08
,18/11/2021,05:55:41,27.34,70.29,0.08
,18/11/2021,05:56:00,27.34,70.31,0.06
,18/11/2021,05:56:20,27.34,70.39,0.08
,18/11/2021,05:56:40,27.33,70.44,0.07
,18/11/2021,05:57:01,27.34,70.48,0.08
,18/11/2021,05:57:20,27.33,70.28,0.08
,18/11/2021,05:57:40,27.33,70.28,0.08
,18/11/2021,05:57:59,27.33,70.46,0.09
,18/11/2021,05:58:19,27.33,70.54,0.07
,18/11/2021,05:58:39,27.33,70.14,0.05
,18/11/2021,05:58:59,27.31,69.81,0.05
,18/11/2021,05:59:18,27.31,69.57,0.07
,18/11/2021,05:59:38,27.31,69.34,0.07
,18/11/2021,05:59:58,27.33,69.55,0.07
,18/11/2021,06:00:18,27.33,70.16,0.06
,18/11/2021,06:00:37,27.31,69.85,0.08
,18/11/2021,06:00:57,27.33,69.68,0.09
,18/11/2021,06:01:17,27.31,69.53,0.07
,18/11/2021,06:01:37,27.31,69.74,0.05
,18/11/2021,06:01:57,27.31,69.87,0.09
,18/11/2021,06:02:17,27.31,69.66,0.06
,18/11/2021,06:02:36,27.31,69.71,0.06
,18/11/2021,06:02:56,27.31,70.24,0.08
,18/11/2021,06:03:16,27.31,70.59,0.07
,18/11/2021,06:03:36,27.31,70.72,0.08
,18/11/2021,06:03:55,27.31,70.44,0.09
,18/11/2021,06:04:15,27.30,70.54,0.07
,18/11/2021,06:04:35,27.30,70.60,0.07
,18/11/2021,06:04:55,27.30,70.25,0.08
,18/11/2021,06:05:15,27.30,70.03,0.06
,18/11/2021,06:05:34,27.30,70.12,0.08
,18/11/2021,06:05:54,27.30,70.40,0.05
,18/11/2021,06:06:14,27.29,70.12,0.06
,18/11/2021,06:06:34,27.29,69.93,0.09
,18/11/2021,06:06:53,27.29,70.56,0.07
,18/11/2021,06:07:13,27.30,70.83,0.04
,18/11/2021,06:07:34,27.30,70.15,0.07
,18/11/2021,06:07:53,27.29,69.65,0.06
,18/11/2021,06:08:13,27.30,70.17,0.09
,18/11/2021,06:08:32,27.29,69.99,0.07
,18/11/2021,06:08:52,27.30,69.73,0.08
,18/11/2021,06:09:12,27.29,69.48,0.06
,18/11/2021,06:09:32,27.30,69.37,0.05
,18/11/2021,06:09:52,27.30,70.25,0.08
,18/11/2021,06:10:11,27.30,70.32,0.06
,18/11/2021,06:10:31,27.30,70.36,0.04
,18/11/2021,06:10:51,27.30,70.79,0.06
,18/11/2021,06:11:11,27.30,70.28,0.08
,18/11/2021,06:11:30,27.29,70.54,0.09
,18/11/2021,06:11:50,27.29,70.73,0.07
,18/11/2021,06:12:11,27.29,70.68,0.05
,18/11/2021,06:12:30,27.29,70.54,0.05
,18/11/2021,06:12:51,27.27,70.54,0.07
,18/11/2021,06:13:09,27.29,70.43,0.05
,18/11/2021,06:13:29,27.27,70.14,0.06
,18/11/2021,06:13:50,27.27,70.19,0.06
,18/11/2021,06:14:09,27.27,69.95,0.07
,18/11/2021,06:14:29,27.26,70.42,0.09
,18/11/2021,06:14:48,27.27,70.03,0.07
,18/11/2021,06:15:08,27.27,69.95,0.09
,18/11/2021,06:15:28,27.27,69.84,0.09
,18/11/2021,06:15:48,27.27,69.60,0.09
,18/11/2021,06:16:07,27.27,69.52,0.11
,18/11/2021,06:16:27,27.27,69.45,0.10
,18/11/2021,06:16:47,27.27,69.41,0.06
,18/11/2021,06:17:07,27.27,69.48,0.06
,18/11/2021,06:17:27,27.27,69.50,0.08
,18/11/2021,06:17:46,27.29,70.15,0.08
,18/11/2021,06:18:06,27.27,70.34,0.09
,18/11/2021,06:18:26,27.27,70.60,0.06
,18/11/2021,06:18:46,27.27,70.60,0.06
,18/11/2021,06:19:06,27.27,70.83,0.07
,18/11/2021,06:19:25,27.27,70.42,0.06
,18/11/2021,06:19:45,27.27,70.38,0.08
,18/11/2021,06:20:04,27.27,70.89,0.07
,18/11/2021,06:20:24,27.27,70.75,0.06
,18/11/2021,06:20:44,27.27,70.80,0.09
,18/11/2021,06:21:04,27.27,70.19,0.07
,18/11/2021,06:21:24,27.26,70.29,0.08
,18/11/2021,06:21:43,27.27,70.94,0.07
,18/11/2021,06:22:04,27.26,70.61,0.08
,18/11/2021,06:22:23,27.26,70.61,0.09
,18/11/2021,06:22:43,27.25,70.75,0.07
,18/11/2021,06:23:02,27.26,70.54,0.04
,18/11/2021,06:23:23,27.25,70.37,0.07
,18/11/2021,06:23:42,27.26,70.12,0.07
,18/11/2021,06:24:02,27.25,70.84,0.07
,18/11/2021,06:24:22,27.26,70.59,0.06
,18/11/2021,06:24:41,27.25,70.42,0.07
,18/11/2021,06:25:01,27.26,70.09,0.06
,18/11/2021,06:25:21,27.26,70.42,0.06
,18/11/2021,06:25:41,27.26,70.54,0.06
,18/11/2021,06:26:00,27.25,70.68,0.07
,18/11/2021,06:26:20,27.25,70.20,0.09
,18/11/2021,06:26:40,27.25,70.04,0.06
,18/11/2021,06:27:00,27.25,70.31,0.07
,18/11/2021,06:27:20,27.26,70.29,0.07
,18/11/2021,06:27:39,27.25,69.90,0.06
,18/11/2021,06:28:00,27.25,70.46,0.07
,18/11/2021,06:28:19,27.25,70.40,0.06
,18/11/2021,06:28:39,27.23,70.28,0.06
,18/11/2021,06:28:58,27.25,70.68,0.04
,18/11/2021,06:29:18,27.23,70.12,0.09
,18/11/2021,06:29:38,27.23,70.02,0.05
,18/11/2021,06:29:58,27.23,70.02,0.05
,18/11/2021,06:30:17,27.25,70.12,0.09
,18/11/2021,06:30:37,27.25,70.52,0.07
,18/11/2021,06:30:57,27.25,70.28,0.08
,18/11/2021,06:31:17,27.23,70.57,0.08
,18/11/2021,06:31:36,27.25,70.40,0.08
,18/11/2021,06:31:57,27.23,70.12,0.06
,18/11/2021,06:32:16,27.25,69.89,0.06
,18/11/2021,06:32:36,27.25,70.56,0.07
,18/11/2021,06:32:56,27.23,69.94,0.03
,18/11/2021,06:33:15,27.23,70.28,0.06
,18/11/2021,06:33:35,27.25,70.24,0.07
,18/11/2021,06:33:56,27.23,69.92,0.09
,18/11/2021,06:34:14,27.23,69.68,0.05
,18/11/2021,06:34:34,27.23,69.59,0.09
,18/11/2021,06:34:54,27.23,69.53,0.05
,18/11/2021,06:35:15,27.23,69.53,0.08
,18/11/2021,06:35:34,27.23,69.49,0.06
,18/11/2021,06:35:53,27.23,70.00,0.10
,18/11/2021,06:36:13,27.23,69.89,0.08
,18/11/2021,06:36:33,27.23,69.64,0.08
,18/11/2021,06:36:53,27.23,69.49,0.07
,18/11/2021,06:37:13,27.25,70.46,0.09
,18/11/2021,06:37:32,27.25,70.98,0.08
,18/11/2021,06:37:52,27.23,70.63,0.09
,18/11/2021,06:38:12,27.23,70.10,0.08
,18/11/2021,06:38:32,27.23,70.04,0.09
,18/11/2021,06:38:52,27.23,70.44,0.06
,18/11/2021,06:39:12,27.23,70.02,0.07
,18/11/2021,06:39:32,27.23,70.07,0.07
,18/11/2021,06:39:51,27.22,69.78,0.06
,18/11/2021,06:40:11,27.22,69.57,0.09
,18/11/2021,06:40:31,27.22,69.52,0.05
,18/11/2021,06:40:50,27.22,69.52,0.06
,18/11/2021,06:41:10,27.22,69.88,0.07
,18/11/2021,06:41:30,27.23,70.28,0.09
,18/11/2021,06:41:49,27.23,69.96,0.07
,18/11/2021,06:42:09,27.22,70.54,0.07
,18/11/2021,06:42:29,27.22,70.51,0.09
,18/11/2021,06:42:49,27.22,69.88,0.07
,18/11/2021,06:43:09,27.21,69.64,0.08
,18/11/2021,06:43:29,27.22,69.54,0.06
,18/11/2021,06:43:49,27.21,69.48,0.07
,18/11/2021,06:44:09,27.22,69.71,0.05
,18/11/2021,06:44:28,27.22,70.12,0.10
,18/11/2021,06:44:47,27.22,69.93,0.07
,18/11/2021,06:45:07,27.22,70.32,0.09
,18/11/2021,06:45:28,27.21,70.04,0.05
,18/11/2021,06:45:47,27.22,69.86,0.08
,18/11/2021,06:46:07,27.22,70.73,0.08
,18/11/2021,06:46:26,27.22,71.16,0.05
,18/11/2021,06:46:46,27.22,71.14,0.07
,18/11/2021,06:47:06,27.22,70.72,0.09
,18/11/2021,06:47:25,27.22,70.45,0.11
,18/11/2021,06:47:45,27.22,70.77,0.07
,18/11/2021,06:48:06,27.21,70.53,0.08
,18/11/2021,06:48:25,27.19,70.23,0.07
,18/11/2021,06:48:45,27.19,69.99,0.07
,18/11/2021,06:49:05,27.21,70.43,0.07
,18/11/2021,06:49:24,27.21,71.01,0.06
,18/11/2021,06:49:44,27.21,70.97,0.09
,18/11/2021,06:50:04,27.19,70.72,0.08
,18/11/2021,06:50:23,27.19,71.06,0.09
,18/11/2021,06:50:44,27.19,70.68,0.06
,18/11/2021,06:51:03,27.19,70.30,0.05
,18/11/2021,06:51:23,27.19,70.38,0.08
,18/11/2021,06:51:43,27.19,70.01,0.09
,18/11/2021,06:52:03,27.18,70.09,0.07
,18/11/2021,06:52:23,27.19,70.51,0.05
,18/11/2021,06:52:42,27.21,70.84,0.07
,18/11/2021,06:53:02,27.19,70.36,0.06
,18/11/2021,06:53:21,27.19,69.99,0.03
,18/11/2021,06:53:41,27.18,69.83,0.05
,18/11/2021,06:54:01,27.21,70.32,0.06
,18/11/2021,06:54:21,27.19,70.47,0.05
,18/11/2021,06:54:40,27.18,70.14,0.06
,18/11/2021,06:55:02,27.18,69.90,0.07
,18/11/2021,06:55:20,27.19,69.84,0.05
,18/11/2021,06:55:40,27.19,69.78,0.09
,18/11/2021,06:56:00,27.18,69.66,0.06
,18/11/2021,06:56:19,27.18,69.57,0.06
,18/11/2021,06:56:39,27.19,69.74,0.07
,18/11/2021,06:56:59,27.19,69.73,0.07
,18/11/2021,06:57:19,27.19,70.08,0.08
,18/11/2021,06:57:38,27.19,70.79,0.08
,18/11/2021,06:57:58,27.18,70.09,0.09
,18/11/2021,06:58:18,27.18,70.07,0.07
,18/11/2021,06:58:38,27.18,70.18,0.06
,18/11/2021,06:58:58,27.18,69.92,0.09
,18/11/2021,06:59:17,27.18,70.02,0.08
,18/11/2021,06:59:37,27.18,70.35,0.06
,18/11/2021,06:59:57,27.19,70.54,0.08
,18/11/2021,07:00:17,27.19,70.56,0.06
,18/11/2021,07:00:37,27.18,70.70,0.07
,18/11/2021,07:00:56,27.18,70.68,0.07
,18/11/2021,07:01:16,27.18,70.26,0.07
,18/11/2021,07:01:36,27.16,69.96,0.07
,18/11/2021,07:01:56,27.18,70.09,0.07
,18/11/2021,07:02:16,27.16,69.81,0.06
,18/11/2021,07:02:35,27.18,69.87,0.06
,18/11/2021,07:02:55,27.16,69.83,0.10
,18/11/2021,07:03:15,27.18,70.46,0.08
,18/11/2021,07:03:35,27.16,70.16,0.09
,18/11/2021,07:03:54,27.16,70.35,0.08
,18/11/2021,07:04:14,27.16,70.26,0.07
,18/11/2021,07:04:34,27.16,69.89,0.08
,18/11/2021,07:04:54,27.18,69.64,0.08
,18/11/2021,07:05:13,27.16,69.60,0.06
,18/11/2021,07:05:34,27.16,69.85,0.06
,18/11/2021,07:05:53,27.18,70.78,0.06
,18/11/2021,07:06:13,27.16,70.57,0.07
,18/11/2021,07:06:33,27.15,70.76,0.07
,18/11/2021,07:06:53,27.16,70.42,0.07
,18/11/2021,07:07:13,27.15,70.16,0.06
,18/11/2021,07:07:32,27.16,71.17,0.07
,18/11/2021,07:07:52,27.16,71.02,0.05
,18/11/2021,07:08:11,27.15,70.67,0.05
,18/11/2021,07:08:31,27.15,70.44,0.05
,18/11/2021,07:08:51,27.16,70.70,0.10
,18/11/2021,07:09:11,27.16,70.86,0.09
,18/11/2021,07:09:31,27.15,70.65,0.07
,18/11/2021,07:09:50,27.15,70.26,0.06
,18/11/2021,07:10:10,27.15,70.59,0.09
,18/11/2021,07:10:30,27.15,70.72,0.05
,18/11/2021,07:10:51,27.16,70.56,0.08
,18/11/2021,07:11:10,27.15,70.46,0.07
,18/11/2021,07:11:29,27.15,70.14,0.07
,18/11/2021,07:11:51,27.15,70.02,0.10
,18/11/2021,07:12:09,27.15,70.35,0.05
,18/11/2021,07:12:29,27.15,70.02,0.08
,18/11/2021,07:12:48,27.15,70.29,0.09
,18/11/2021,07:13:08,27.15,70.44,0.11
,18/11/2021,07:13:28,27.15,70.04,0.04
,18/11/2021,07:13:48,27.15,69.87,0.08
,18/11/2021,07:14:08,27.14,69.78,0.07
,18/11/2021,07:14:27,27.15,69.76,0.06
,18/11/2021,07:14:47,27.15,69.81,0.07
,18/11/2021,07:15:07,27.15,69.76,0.08
,18/11/2021,07:15:27,27.15,69.62,0.09
,18/11/2021,07:15:47,27.15,69.59,0.06
,18/11/2021,07:16:07,27.15,69.59,0.04
,18/11/2021,07:16:26,27.15,69.64,0.06
,18/11/2021,07:16:46,27.15,69.62,0.06
,18/11/2021,07:17:06,27.15,69.70,0.05
,18/11/2021,07:17:25,27.15,69.70,0.05
,18/11/2021,07:17:45,27.15,69.70,0.08
,18/11/2021,07:18:05,27.15,70.06,0.07
,18/11/2021,07:18:25,27.15,70.00,0.07
,18/11/2021,07:18:44,27.15,69.74,0.07
,18/11/2021,07:19:04,27.16,69.60,0.07
,18/11/2021,07:19:24,27.16,70.40,0.08
,18/11/2021,07:19:44,27.15,70.91,0.08
,18/11/2021,07:20:03,27.15,70.97,0.06
,18/11/2021,07:20:23,27.15,70.54,0.08
,18/11/2021,07:20:43,27.15,70.21,0.07
,18/11/2021,07:21:03,27.15,69.90,0.09
,18/11/2021,07:21:24,27.15,70.40,0.07
,18/11/2021,07:21:42,27.15,70.48,0.07
,18/11/2021,07:22:02,27.15,70.63,0.05
,18/11/2021,07:22:22,27.15,70.33,0.07
,18/11/2021,07:22:41,27.15,71.09,0.05
,18/11/2021,07:23:01,27.15,71.19,0.06
,18/11/2021,07:23:21,27.14,70.83,0.07
,18/11/2021,07:23:41,27.14,70.19,0.09
,18/11/2021,07:24:01,27.14,69.93,0.06
,18/11/2021,07:24:20,27.14,70.04,0.05
,18/11/2021,07:24:40,27.15,70.89,0.08
,18/11/2021,07:25:00,27.14,70.49,0.05
,18/11/2021,07:25:20,27.14,70.89,0.07
,18/11/2021,07:25:39,27.14,70.40,0.04
,18/11/2021,07:25:59,27.14,70.03,0.08
,18/11/2021,07:26:19,27.14,69.82,0.07
,18/11/2021,07:26:39,27.14,69.86,0.06
,18/11/2021,07:26:58,27.14,69.95,0.09
,18/11/2021,07:27:18,27.15,71.06,0.06
,18/11/2021,07:27:38,27.15,70.89,0.07
,18/11/2021,07:27:58,27.14,70.60,0.08
,18/11/2021,07:28:18,27.12,70.47,0.06
,18/11/2021,07:28:37,27.14,71.20,0.06
,18/11/2021,07:28:57,27.14,70.77,0.07
,18/11/2021,07:29:17,27.14,70.40,0.08
,18/11/2021,07:29:36,27.14,69.95,0.05
,18/11/2021,07:29:56,27.14,69.78,0.08
,18/11/2021,07:30:16,27.14,69.80,0.07
,18/11/2021,07:30:36,27.14,69.73,0.05
,18/11/2021,07:30:56,27.14,69.99,0.07
,18/11/2021,07:31:15,27.14,70.04,0.07
,18/11/2021,07:31:35,27.14,69.93,0.09
,18/11/2021,07:31:56,27.14,70.19,0.06
,18/11/2021,07:32:14,27.15,70.33,0.06
,18/11/2021,07:32:35,27.14,69.99,0.06
,18/11/2021,07:32:54,27.14,69.90,0.09
,18/11/2021,07:33:14,27.15,70.82,0.09
,18/11/2021,07:33:34,27.15,70.37,0.08
,18/11/2021,07:33:53,27.15,70.02,0.08
,18/11/2021,07:34:13,27.15,70.12,0.08
,18/11/2021,07:34:33,27.15,70.24,0.07
,18/11/2021,07:34:53,27.15,70.07,0.06
,18/11/2021,07:35:13,27.16,69.83,0.04
,18/11/2021,07:35:32,27.15,69.71,0.06
,18/11/2021,07:35:52,27.15,69.74,0.05
,18/11/2021,07:36:13,27.15,70.39,0.06
,18/11/2021,07:36:32,27.16,70.39,0.07
,18/11/2021,07:36:52,27.16,70.21,0.08
,18/11/2021,07:37:13,27.16,70.31,0.07
,18/11/2021,07:37:31,27.16,70.10,0.06
,18/11/2021,07:37:51,27.18,70.91,0.07
,18/11/2021,07:38:11,27.16,71.09,0.07
,18/11/2021,07:38:30,27.15,70.39,0.07
,18/11/2021,07:38:50,27.15,70.10,0.07
,18/11/2021,07:39:10,27.15,70.33,0.05
,18/11/2021,07:39:29,27.16,70.20,0.07
,18/11/2021,07:39:49,27.16,70.21,0.07
,18/11/2021,07:40:09,27.16,70.91,0.07
,18/11/2021,07:40:29,27.16,70.70,0.06
,18/11/2021,07:40:49,27.18,70.40,0.04
,18/11/2021,07:41:08,27.16,70.26,0.09
,18/11/2021,07:41:28,27.16,69.92,0.07
,18/11/2021,07:41:48,27.16,69.79,0.07
,18/11/2021,07:42:07,27.16,69.79,0.06
,18/11/2021,07:42:28,27.16,69.76,0.07
,18/11/2021,07:42:47,27.18,69.68,0.09
,18/11/2021,07:43:07,27.18,69.64,0.09
,18/11/2021,07:43:27,27.18,69.74,0.06
,18/11/2021,07:43:47,27.18,69.71,0.07
,18/11/2021,07:44:06,27.16,69.62,0.05
,18/11/2021,07:44:26,27.18,69.60,0.09
,18/11/2021,07:44:46,27.19,69.56,0.06
,18/11/2021,07:45:05,27.19,69.64,0.08
,18/11/2021,07:45:25,27.19,70.17,0.08
,18/11/2021,07:45:45,27.19,70.03,0.05
,18/11/2021,07:46:05,27.19,70.19,0.07
,18/11/2021,07:46:24,27.19,70.23,0.05
,18/11/2021,07:46:44,27.19,70.47,0.03
,18/11/2021,07:47:04,27.21,70.04,0.06
,18/11/2021,07:47:24,27.21,70.26,0.07
,18/11/2021,07:47:44,27.21,69.92,0.09
,18/11/2021,07:48:03,27.21,70.17,0.06
,18/11/2021,07:48:23,27.21,70.01,0.06
,18/11/2021,07:48:42,27.19,69.86,0.08
,18/11/2021,07:49:02,27.19,69.88,0.05
,18/11/2021,07:49:22,27.19,69.90,0.06
,18/11/2021,07:49:42,27.22,69.82,0.06
,18/11/2021,07:50:02,27.21,70.08,0.08
,18/11/2021,07:50:21,27.21,69.86,0.06
,18/11/2021,07:50:41,27.22,69.88,0.08
,18/11/2021,07:51:01,27.22,69.73,0.05
,18/11/2021,07:51:21,27.22,69.62,0.06
,18/11/2021,07:51:40,27.22,69.52,0.10
,18/11/2021,07:52:00,27.22,69.56,0.06
,18/11/2021,07:52:20,27.22,69.65,0.07
,18/11/2021,07:52:40,27.22,69.65,0.09
,18/11/2021,07:53:00,27.23,69.64,0.06
,18/11/2021,07:53:19,27.23,69.60,0.09
,18/11/2021,07:53:39,27.23,69.51,0.06
,18/11/2021,07:53:59,27.23,69.59,0.08
,18/11/2021,07:54:18,27.23,69.74,0.06
,18/11/2021,07:54:38,27.23,69.94,0.08
,18/11/2021,07:54:58,27.23,69.71,0.05
,18/11/2021,07:55:18,27.23,69.92,0.04
,18/11/2021,07:55:38,27.25,69.98,0.07
,18/11/2021,07:55:57,27.23,69.76,0.06
,18/11/2021,07:56:17,27.23,69.57,0.08
,18/11/2021,07:56:37,27.25,69.38,0.07
,18/11/2021,07:56:57,27.25,69.38,0.08
,18/11/2021,07:57:16,27.25,69.48,0.08
,18/11/2021,07:57:36,27.25,69.38,0.07
,18/11/2021,07:57:56,27.25,69.25,0.06
,18/11/2021,07:58:16,27.26,69.25,0.06
,18/11/2021,07:58:35,27.25,69.29,0.09
,18/11/2021,07:58:57,27.25,69.32,0.09
,18/11/2021,07:59:15,27.26,69.40,0.07
,18/11/2021,07:59:35,27.26,69.53,0.05
,18/11/2021,07:59:54,27.26,69.71,0.07
,18/11/2021,08:00:14,27.26,69.60,0.06
,18/11/2021,08:00:34,27.26,69.49,0.07
,18/11/2021,08:00:54,27.27,69.39,0.09
,18/11/2021,08:01:13,27.27,69.35,0.07
,18/11/2021,08:01:33,27.26,69.38,0.08
,18/11/2021,08:01:53,27.27,69.39,0.08
,18/11/2021,08:02:13,27.27,69.37,0.09
,18/11/2021,08:02:32,27.29,69.33,0.04
,18/11/2021,08:02:52,27.29,69.24,0.09
,18/11/2021,08:03:13,27.29,69.12,0.07
,18/11/2021,08:03:32,27.29,69.10,0.06
,18/11/2021,08:03:51,27.29,69.18,0.08
,18/11/2021,08:04:11,27.29,69.33,0.07
,18/11/2021,08:04:31,27.30,69.29,0.08
,18/11/2021,08:04:51,27.29,69.17,0.08
,18/11/2021,08:05:11,27.30,69.20,0.07
,18/11/2021,08:05:30,27.30,69.31,0.09
,18/11/2021,08:05:50,27.29,69.20,0.05
,18/11/2021,08:06:10,27.30,69.15,0.08
,18/11/2021,08:06:29,27.30,69.10,0.07
,18/11/2021,08:06:49,27.30,69.00,0.09
,18/11/2021,08:07:09,27.30,68.98,0.11
,18/11/2021,08:07:28,27.31,68.95,0.08
,18/11/2021,08:07:49,27.31,68.95,0.06
,18/11/2021,08:08:08,27.31,69.01,0.06
,18/11/2021,08:08:28,27.33,69.01,0.08
,18/11/2021,08:08:48,27.33,69.01,0.08
,18/11/2021,08:09:07,27.33,68.99,0.06
,18/11/2021,08:09:27,27.34,68.95,0.07
,18/11/2021,08:09:47,27.34,69.01,0.08
,18/11/2021,08:10:07,27.33,69.05,0.09
,18/11/2021,08:10:26,27.35,69.00,0.09
,18/11/2021,08:10:46,27.35,69.10,0.06
,18/11/2021,08:11:06,27.35,69.02,0.07
,18/11/2021,08:11:26,27.35,68.93,0.05
,18/11/2021,08:11:45,27.37,68.85,0.06
,18/11/2021,08:12:05,27.37,68.81,0.09
,18/11/2021,08:12:25,27.37,68.81,0.08
,18/11/2021,08:12:45,27.37,68.79,0.07
,18/11/2021,08:13:04,27.38,68.77,0.08
,18/11/2021,08:13:25,27.38,68.77,0.06
,18/11/2021,08:13:44,27.38,68.74,0.08
,18/11/2021,08:14:05,27.38,68.76,0.07
,18/11/2021,08:14:23,27.40,68.80,0.06
,18/11/2021,08:14:43,27.40,68.79,0.06
,18/11/2021,08:15:03,27.41,68.77,0.08
,18/11/2021,08:15:23,27.41,68.77,0.08
,18/11/2021,08:15:42,27.42,68.73,0.05
,18/11/2021,08:16:04,27.42,68.77,0.07
,18/11/2021,08:16:22,27.44,68.84,0.06
,18/11/2021,08:16:42,27.42,68.84,0.07
,18/11/2021,08:17:01,27.44,68.68,0.06
,18/11/2021,08:17:21,27.44,68.65,0.08
,18/11/2021,08:17:41,27.44,68.65,0.08
,18/11/2021,08:18:01,27.45,68.59,0.08
,18/11/2021,08:18:21,27.45,68.55,0.06
,18/11/2021,08:18:40,27.46,68.53,0.07
,18/11/2021,08:19:00,27.46,68.53,0.07
,18/11/2021,08:19:20,27.46,68.57,0.07
,18/11/2021,08:19:40,27.48,68.51,0.07
,18/11/2021,08:20:00,27.48,68.54,0.03
,18/11/2021,08:20:19,27.48,68.51,0.08
,18/11/2021,08:20:39,27.48,68.63,0.09
,18/11/2021,08:20:58,27.49,68.79,0.08
,18/11/2021,08:21:18,27.49,68.62,0.06
,18/11/2021,08:21:38,27.50,68.52,0.07
,18/11/2021,08:21:58,27.52,68.51,0.05
,18/11/2021,08:22:18,27.52,68.57,0.06
,18/11/2021,08:22:37,27.52,68.49,0.07
,19/11/2021,09:12:02,27.88,66.20,-0.10
,19/11/2021,09:12:19,27.90,66.09,-0.10
,19/11/2021,09:12:39,27.90,66.09,-0.13
,19/11/2021,09:12:58,27.90,66.08,-0.10
,19/11/2021,09:13:18,27.91,66.06,-0.09
,19/11/2021,09:13:37,27.91,66.01,-0.30
,19/11/2021,09:13:58,27.91,66.01,0.84
,19/11/2021,09:14:17,27.92,66.01,0.16
,19/11/2021,09:14:37,27.92,66.01,0.07
,19/11/2021,09:14:57,27.92,66.01,0.14
,19/11/2021,09:15:17,27.91,65.97,0.08
,19/11/2021,09:15:36,27.92,65.97,0.28
,19/11/2021,09:15:56,27.92,65.99,0.13
,19/11/2021,09:16:16,27.91,66.01,0.13
,19/11/2021,09:16:36,27.92,66.04,0.14
,19/11/2021,09:16:55,27.94,66.05,0.13
,19/11/2021,09:17:16,27.95,66.00,0.15
,19/11/2021,09:17:35,27.95,65.96,0.12
,19/11/2021,09:17:55,27.95,65.98,0.12
,19/11/2021,09:18:15,27.96,65.89,0.15
,19/11/2021,09:18:35,27.99,65.88,0.13
,19/11/2021,09:18:54,27.99,65.88,0.14
,19/11/2021,09:19:14,28.00,65.88,0.13
,19/11/2021,09:19:34,28.02,65.81,0.14
,19/11/2021,09:19:54,28.03,65.80,0.13
,19/11/2021,09:20:13,28.02,65.73,0.13
,19/11/2021,09:20:33,28.03,65.70,0.11
,19/11/2021,09:20:53,28.04,65.73,0.11
,19/11/2021,09:21:13,28.03,65.80,0.12
,19/11/2021,09:21:32,28.03,65.68,0.13
,19/11/2021,09:21:53,28.03,65.66,0.12
,19/11/2021,09:22:12,28.04,65.68,0.13
,19/11/2021,09:22:32,28.04,65.80,0.14
,19/11/2021,09:22:51,28.06,65.77,0.09
,19/11/2021,09:23:11,28.06,65.71,0.15
,19/11/2021,09:23:31,28.07,65.61,0.13
,19/11/2021,09:23:51,28.07,65.65,0.11
,19/11/2021,09:24:10,28.09,65.59,0.12
,19/11/2021,09:24:30,28.09,65.56,0.14
,19/11/2021,09:24:50,28.10,65.62,0.12
,19/11/2021,09:25:10,28.10,65.61,0.12
,19/11/2021,09:25:30,28.11,65.59,0.11
,19/11/2021,09:25:50,28.14,65.59,0.11
,19/11/2021,09:26:09,28.14,65.50,0.13
,19/11/2021,09:26:29,28.15,65.47,0.11
,19/11/2021,09:26:48,28.15,65.41,0.15
,19/11/2021,09:27:28,28.14,65.41,0.12
,19/11/2021,09:27:48,28.14,65.45,0.13
,19/11/2021,09:28:07,28.14,65.48,0.12
,19/11/2021,09:28:27,28.15,65.47,0.13
,19/11/2021,09:28:47,28.15,65.41,0.13
,19/11/2021,09:29:07,28.15,65.41,0.13
,19/11/2021,09:29:27,28.15,65.41,0.11
,19/11/2021,09:29:46,28.15,65.39,0.15
,19/11/2021,09:30:06,28.15,65.33,0.13
,19/11/2021,09:30:26,28.15,65.37,0.12
,19/11/2021,09:30:46,28.15,65.39,0.13
,19/11/2021,09:31:05,28.17,65.39,0.11
,19/11/2021,09:31:25,28.17,65.39,0.13
,19/11/2021,09:31:46,28.15,65.39,0.13
,19/11/2021,09:32:04,28.18,65.44,0.12
,19/11/2021,09:32:24,28.19,65.45,0.12
,19/11/2021,09:32:44,28.19,65.42,0.13
,19/11/2021,09:33:04,28.19,65.40,0.14
,19/11/2021,09:33:23,28.19,65.38,0.14
,19/11/2021,09:33:43,28.22,65.33,0.12
,19/11/2021,09:34:03,28.24,65.28,0.11
,19/11/2021,09:34:23,28.24,65.30,0.11
,19/11/2021,09:34:43,28.25,65.26,0.15
,19/11/2021,09:35:02,28.26,65.19,0.11
,19/11/2021,09:35:22,28.26,65.19,0.11
,19/11/2021,09:35:42,28.28,65.10,0.14
,19/11/2021,09:36:02,28.28,65.08,0.10
,19/11/2021,09:36:30,28.28,65.16,0.11
,19/11/2021,09:36:41,28.26,65.19,0.13
,19/11/2021,09:37:00,28.26,65.21,0.11
,19/11/2021,09:37:20,28.26,65.23,0.11
,19/11/2021,09:37:40,28.28,65.19,0.12
,19/11/2021,09:38:00,28.26,65.25,0.13
,19/11/2021,09:38:20,28.29,65.23,0.11
,19/11/2021,09:38:39,28.29,65.19,0.13
,19/11/2021,09:38:59,28.29,65.14,0.13
,19/11/2021,09:39:18,28.32,65.14,0.10
,19/11/2021,09:39:38,28.33,65.14,0.13
,19/11/2021,09:39:58,28.34,65.10,0.12
,19/11/2021,09:40:18,28.34,65.05,0.15
,19/11/2021,09:40:37,28.36,65.00,0.11
,19/11/2021,09:40:57,28.37,64.95,0.12
,19/11/2021,09:41:18,28.37,64.93,0.15
,19/11/2021,09:41:37,28.38,64.98,0.15
,19/11/2021,09:41:57,28.40,64.94,0.11
,19/11/2021,09:42:17,28.40,64.94,0.14
,19/11/2021,09:42:36,28.41,64.88,0.14
,19/11/2021,09:42:56,28.43,64.86,0.13
,19/11/2021,09:43:16,28.44,64.79,0.11
,19/11/2021,09:43:35,28.44,64.83,0.10
,19/11/2021,09:43:55,28.45,64.83,0.14
,19/11/2021,09:44:14,28.47,64.78,0.14
,19/11/2021,09:44:34,28.48,64.72,0.12
,19/11/2021,09:44:54,28.48,64.69,0.14
,19/11/2021,09:45:14,28.51,64.69,0.13
,19/11/2021,09:45:34,28.53,64.69,0.14
,19/11/2021,09:45:53,28.53,64.62,0.12
,19/11/2021,09:46:14,28.56,64.53,0.13
,19/11/2021,09:46:33,28.59,64.45,0.14
,19/11/2021,09:46:52,28.60,64.34,0.12
,19/11/2021,09:47:12,28.60,64.30,0.05
,19/11/2021,09:47:32,28.60,64.32,-0.28
,19/11/2021,09:47:52,28.62,64.32,0.54
,19/11/2021,09:48:11,28.63,64.31,0.60
,19/11/2021,09:48:32,28.66,64.27,0.37
,19/11/2021,09:48:51,28.66,64.10,-0.40
,19/11/2021,09:49:11,28.66,63.49,-0.11
,19/11/2021,09:49:31,28.70,62.73,-0.10
,19/11/2021,09:49:50,28.68,62.15,0.49
,19/11/2021,09:50:10,28.67,61.72,0.08
,19/11/2021,09:50:30,28.64,61.26,-0.53
,19/11/2021,09:50:49,28.63,60.75,-0.39
,19/11/2021,09:51:09,28.60,60.38,-0.72
,19/11/2021,09:51:29,28.59,60.04,0.31
,19/11/2021,09:51:49,28.58,59.73,-0.13
,19/11/2021,09:52:08,28.56,59.52,0.14
,19/11/2021,09:52:28,28.55,59.08,-0.15
,19/11/2021,09:52:47,28.53,58.71,0.69
,19/11/2021,09:53:07,28.49,58.27,-0.13
,19/11/2021,09:53:27,28.47,58.01,0.25
,19/11/2021,09:53:47,28.44,57.78,0.24
,19/11/2021,09:54:06,28.41,57.45,0.07
,19/11/2021,09:54:27,28.38,57.06,-0.35
,19/11/2021,09:54:46,28.33,56.79,-0.04
,19/11/2021,09:55:06,28.30,56.60,0.52
,19/11/2021,09:55:26,28.29,56.31,-0.20
,19/11/2021,09:55:45,28.26,56.02,-0.05
,19/11/2021,09:56:05,28.24,55.93,-0.15
,19/11/2021,09:56:25,28.19,55.72,0.85
,19/11/2021,09:56:44,28.15,55.58,0.10
,19/11/2021,09:57:04,28.15,55.41,0.78
,19/11/2021,09:57:24,28.17,55.11,0.91
,19/11/2021,09:57:43,28.15,54.77,0.16
,19/11/2021,09:58:03,28.14,54.51,0.02
,19/11/2021,09:58:23,28.13,54.22,0.83
,19/11/2021,09:58:43,28.11,53.96,0.21
,19/11/2021,09:59:03,28.09,53.83,0.28
,19/11/2021,09:59:22,28.06,53.74,0.36
,19/11/2021,09:59:42,28.04,53.50,0.09
,19/11/2021,10:00:02,28.03,53.22,-0.02
,19/11/2021,10:00:21,28.02,52.92,-0.57
,19/11/2021,10:00:41,28.00,52.65,0.28
,19/11/2021,10:01:01,27.98,52.50,0.36
,19/11/2021,10:01:20,27.98,52.31,0.02
,19/11/2021,10:01:40,27.95,52.08,-0.07
,19/11/2021,10:02:00,27.92,51.86,0.02
,19/11/2021,10:02:20,27.92,51.66,0.21
,19/11/2021,10:02:39,27.92,51.43,0.75
,19/11/2021,10:02:59,27.94,51.14,0.52
,19/11/2021,10:03:19,27.94,50.86,0.08
,19/11/2021,10:03:38,27.94,50.62,-0.22
,19/11/2021,10:03:58,27.94,50.39,-0.14
,19/11/2021,10:04:18,27.94,50.18,-0.10
,19/11/2021,10:04:38,27.92,49.99,0.53
,19/11/2021,10:04:58,27.92,49.73,-0.06
,19/11/2021,10:05:17,27.91,49.51,0.19
,19/11/2021,10:05:37,27.91,49.33,0.70
,19/11/2021,10:05:56,27.90,49.13,0.22
,19/11/2021,10:06:16,27.90,48.94,0.19
,19/11/2021,10:06:36,27.88,48.73,0.14
,19/11/2021,10:06:56,27.85,48.58,0.66
,19/11/2021,10:07:16,27.84,48.42,-0.06
,19/11/2021,10:07:36,27.81,48.28,0.83
,19/11/2021,10:07:55,27.83,48.12,0.50
,19/11/2021,10:08:15,27.83,47.95,0.77
,19/11/2021,10:08:34,27.84,47.72,0.33
,19/11/2021,10:08:54,27.83,47.55,0.13
,19/11/2021,10:09:14,27.83,47.39,-0.56
,19/11/2021,10:09:34,27.84,47.22,-0.51
,19/11/2021,10:09:53,27.83,47.03,-0.32
,19/11/2021,10:10:13,27.83,46.95,0.25
,19/11/2021,10:10:33,27.84,46.77,0.63
,19/11/2021,10:10:52,27.83,46.58,0.11
,19/11/2021,10:11:13,27.84,46.41,0.76
,19/11/2021,10:11:32,27.87,46.22,0.14
,19/11/2021,10:11:52,27.87,46.06,0.74
,19/11/2021,10:12:12,27.85,45.94,0.46
,19/11/2021,10:12:31,27.84,45.77,0.79
,19/11/2021,10:12:51,27.84,45.70,0.38
,19/11/2021,10:13:11,27.87,45.57,0.25
,19/11/2021,10:13:30,27.87,45.35,-0.08
,19/11/2021,10:13:50,27.87,45.26,0.02
,19/11/2021,10:14:10,27.85,45.14,-0.30
,19/11/2021,10:14:30,27.84,45.00,0.13
,19/11/2021,10:14:50,27.85,44.90,-0.24
,19/11/2021,10:15:09,27.84,44.74,0.37
,19/11/2021,10:15:29,27.81,44.65,-0.23
,19/11/2021,10:15:48,27.81,44.54,0.87
,19/11/2021,10:16:08,27.81,44.35,0.32
,19/11/2021,10:16:28,27.80,44.23,0.09
,19/11/2021,10:16:48,27.80,44.07,-0.54
,19/11/2021,10:17:07,27.81,43.91,-0.24
,19/11/2021,10:17:27,27.79,43.77,0.15
,19/11/2021,10:17:47,27.77,43.68,0.24
,19/11/2021,10:18:07,27.79,43.66,0.49
,19/11/2021,10:18:26,27.80,43.54,-0.08
,19/11/2021,10:18:46,27.81,43.44,-0.07
,19/11/2021,10:19:06,27.81,43.26,0.16
,19/11/2021,10:19:25,27.81,43.12,-0.18
,19/11/2021,10:19:46,27.83,42.95,0.38
,19/11/2021,10:20:05,27.83,42.82,0.05
,19/11/2021,10:20:25,27.84,42.69,0.70
,19/11/2021,10:20:44,27.83,42.58,0.05
,19/11/2021,10:21:04,27.83,42.46,-0.08
,19/11/2021,10:21:24,27.84,42.33,0.10
,19/11/2021,10:21:44,27.83,42.16,0.01
,19/11/2021,10:22:03,27.81,42.05,-0.38
,19/11/2021,10:22:23,27.79,41.95,0.07
,19/11/2021,10:22:43,27.76,41.88,-0.22
,19/11/2021,10:23:02,27.76,41.83,0.10
,19/11/2021,10:23:23,27.73,41.75,0.11
,19/11/2021,10:23:42,27.72,41.61,0.13
,19/11/2021,10:24:02,27.69,41.60,0.10
,19/11/2021,10:24:21,27.69,41.58,0.11
,19/11/2021,10:24:41,27.65,41.67,0.11
,19/11/2021,10:25:01,27.61,41.86,0.12
,19/11/2021,10:25:21,27.62,42.21,0.10
,19/11/2021,10:25:40,27.60,42.67,0.13
,19/11/2021,10:26:00,27.57,43.24,0.11
,19/11/2021,10:26:20,27.57,43.70,0.35
,19/11/2021,10:26:40,27.55,44.02,0.80
,19/11/2021,10:26:59,27.57,44.33,-0.07
,19/11/2021,10:27:19,27.53,44.64,0.19
,19/11/2021,10:27:39,27.49,44.72,-0.48
,19/11/2021,10:27:58,27.46,44.82,-0.20
,19/11/2021,10:28:18,27.45,44.79,0.95
,19/11/2021,10:28:39,27.46,44.64,0.31
,19/11/2021,10:28:57,27.48,44.48,0.06
,19/11/2021,10:29:18,27.48,44.20,0.39
,19/11/2021,10:29:37,27.49,44.01,0.04
,19/11/2021,10:29:57,27.48,43.87,0.66
,19/11/2021,10:30:17,27.46,43.77,1.04
,19/11/2021,10:30:37,27.45,43.56,0.23
,19/11/2021,10:30:56,27.44,43.47,0.42
,19/11/2021,10:31:16,27.44,43.40,0.46
,19/11/2021,10:31:35,27.44,43.24,0.20
,19/11/2021,10:31:56,27.45,43.04,0.20
,19/11/2021,10:32:15,27.45,42.83,-0.09
,19/11/2021,10:32:37,27.46,42.61,-0.15
,19/11/2021,10:32:55,27.45,42.44,0.49
,19/11/2021,10:33:14,27.45,42.25,0.10
,19/11/2021,10:33:34,27.44,42.16,0.54
,19/11/2021,10:33:55,27.44,42.06,0.13
,19/11/2021,10:34:14,27.44,41.99,0.11
,19/11/2021,10:34:33,27.44,41.88,0.12
,19/11/2021,10:34:53,27.45,41.72,0.09
,19/11/2021,10:35:13,27.46,41.72,0.10
,19/11/2021,10:35:32,27.45,41.84,0.12
,19/11/2021,10:35:52,27.45,42.12,0.12
,19/11/2021,10:36:12,27.46,42.47,0.13
,19/11/2021,10:36:32,27.49,42.91,0.11
,19/11/2021,10:36:51,27.52,43.05,0.51
,19/11/2021,10:37:11,27.52,43.45,0.01
,19/11/2021,10:37:31,27.53,43.90,-0.10
,19/11/2021,10:37:51,27.55,44.32,-0.42
,19/11/2021,10:38:10,27.55,44.34,-0.58
,19/11/2021,10:38:30,27.55,44.19,0.01
,19/11/2021,10:38:50,27.55,44.09,0.06
,19/11/2021,10:39:10,27.57,43.93,-0.08
,19/11/2021,10:39:29,27.55,43.79,-0.43
,19/11/2021,10:39:49,27.58,43.55,-0.13
,19/11/2021,10:40:09,27.60,43.33,-0.11
,19/11/2021,10:40:28,27.60,43.16,0.15
,19/11/2021,10:40:48,27.62,43.00,0.14
,19/11/2021,10:41:08,27.62,42.81,-0.30
,19/11/2021,10:41:28,27.62,42.55,-0.44
,19/11/2021,10:41:48,27.64,42.32,0.47
,19/11/2021,10:42:07,27.64,42.18,0.60
,19/11/2021,10:42:27,27.65,42.00,0.73
,19/11/2021,10:42:47,27.65,41.83,-0.30
,19/11/2021,10:43:06,27.65,41.74,-0.14
,19/11/2021,10:43:26,27.68,41.56,-0.01
,19/11/2021,10:43:46,27.69,41.38,0.45
,19/11/2021,10:44:06,27.69,41.19,0.13
,19/11/2021,10:44:26,27.70,41.04,0.12
,19/11/2021,10:44:46,27.73,40.84,0.10
,19/11/2021,10:45:05,27.75,40.68,0.11
,19/11/2021,10:45:25,27.76,40.70,0.12
,19/11/2021,10:45:44,27.77,40.78,0.11
,19/11/2021,10:46:04,27.79,40.91,0.14
,19/11/2021,10:46:24,27.79,41.17,0.10
,19/11/2021,10:46:44,27.80,41.60,0.14
,19/11/2021,10:47:03,27.79,42.00,0.10
,19/11/2021,10:47:23,27.76,42.13,0.36
,19/11/2021,10:47:43,27.73,42.67,-0.09
,19/11/2021,10:48:02,27.70,43.19,-0.21
,19/11/2021,10:48:22,27.72,43.52,0.17
,19/11/2021,10:48:43,27.73,43.55,-0.19
,19/11/2021,10:49:01,27.75,43.46,0.10
,19/11/2021,10:49:21,27.76,43.31,-0.23
,19/11/2021,10:49:42,27.81,43.05,0.35
,19/11/2021,10:50:01,27.87,42.79,-0.18
,19/11/2021,10:50:21,27.91,42.52,-0.12
,19/11/2021,10:50:40,27.96,42.23,0.42
,19/11/2021,10:51:00,27.98,41.96,0.44
,19/11/2021,10:51:20,27.96,41.74,-0.20
,19/11/2021,10:51:41,27.92,41.56,0.31
,19/11/2021,10:52:00,27.92,41.53,0.68
,19/11/2021,10:52:19,27.92,41.46,-0.23
,19/11/2021,10:52:39,27.95,41.28,0.00
,19/11/2021,10:52:59,27.99,41.07,-0.04
,19/11/2021,10:53:18,28.03,40.86,0.29
,19/11/2021,10:53:38,28.03,40.65,0.51
,19/11/2021,10:53:58,28.03,40.53,-0.27
,19/11/2021,10:54:18,28.03,40.42,0.20
,19/11/2021,10:54:37,28.03,40.22,0.04
,19/11/2021,10:54:57,28.06,40.13,0.11
,19/11/2021,10:55:17,28.07,39.97,0.12
,19/11/2021,10:55:36,28.10,39.84,0.12
,19/11/2021,10:55:56,28.13,39.71,0.12
,19/11/2021,10:56:15,28.14,39.69,0.12
,19/11/2021,10:56:35,28.17,39.91,0.10
,19/11/2021,10:56:55,28.19,40.09,0.10
,19/11/2021,10:57:15,28.18,40.52,0.09
,19/11/2021,10:57:35,28.19,40.78,0.10
,19/11/2021,10:57:54,28.18,40.78,-0.01
,19/11/2021,10:58:14,28.13,41.17,-0.28
,19/11/2021,10:58:33,28.09,41.74,0.42
,19/11/2021,10:58:53,28.07,42.09,0.80
,19/11/2021,10:59:14,28.06,42.26,0.57
,19/11/2021,10:59:33,28.06,42.24,-0.12
,19/11/2021,10:59:53,28.04,42.10,0.74
,19/11/2021,11:00:12,28.02,42.21,0.82
,19/11/2021,11:01:21,28.02,42.25,0.98
,19/11/2021,11:01:33,28.00,41.79,0.98
,19/11/2021,11:02:00,27.98,41.64,0.98
,19/11/2021,11:03:22,27.88,41.25,0.86
,19/11/2021,11:03:43,27.87,41.33,0.66
,19/11/2021,11:04:05,27.85,41.16,0.08
,19/11/2021,11:04:54,27.81,41.41,0.09
,19/11/2021,11:05:04,27.77,41.58,-0.03
,19/11/2021,11:05:25,27.80,41.69,-0.02
,19/11/2021,11:06:06,27.91,41.64,-0.02
,19/11/2021,11:06:26,27.99,41.24,-0.03
,19/11/2021,11:06:46,28.03,40.82,-0.03
,19/11/2021,11:07:07,28.09,40.47,-0.03
,19/11/2021,11:07:47,28.17,40.09,-0.03
,19/11/2021,11:08:08,28.21,40.09,-0.03
,19/11/2021,11:08:35,28.25,40.15,-0.03
,19/11/2021,11:08:51,28.26,40.32,-0.04
,19/11/2021,11:09:50,28.29,40.84,-0.04
,19/11/2021,11:10:11,28.29,41.19,-0.04
,19/11/2021,11:10:30,28.29,41.63,-0.03
,19/11/2021,11:11:12,28.34,42.18,-0.04
,19/11/2021,11:11:32,28.33,41.96,-0.04
,19/11/2021,11:11:53,28.33,41.92,-0.04
,19/11/2021,11:12:13,28.36,41.69,-0.04
,19/11/2021,11:12:54,28.44,41.16,0.04
,19/11/2021,11:13:15,28.43,40.89,0.05
,19/11/2021,11:13:35,28.38,40.70,0.04
,19/11/2021,11:13:55,28.30,40.60,0.04
,19/11/2021,11:14:36,28.28,41.00,0.04
,19/11/2021,11:14:56,28.26,41.14,0.04
,19/11/2021,11:15:17,28.24,41.05,0.04
,19/11/2021,11:15:37,28.21,41.02,0.04
,19/11/2021,11:16:18,28.24,41.14,0.04
,19/11/2021,11:16:39,28.24,41.13,0.04
,19/11/2021,11:16:59,28.24,41.24,0.04
,19/11/2021,11:17:19,28.22,41.33,0.04
,19/11/2021,11:18:04,28.25,41.35,0.04
,19/11/2021,11:18:21,28.26,42.02,0.04
,19/11/2021,11:18:44,28.24,42.80,0.06
,19/11/2021,11:19:01,28.18,43.00,0.04
,19/11/2021,11:20:02,28.04,43.24,0.97
,19/11/2021,11:20:22,28.03,43.17,0.98
,19/11/2021,11:20:41,28.02,43.23,0.98
,19/11/2021,11:21:22,28.10,42.96,0.39
,19/11/2021,11:21:59,28.19,42.58,0.09
,19/11/2021,11:22:18,28.28,42.40,0.09
,19/11/2021,11:22:57,28.38,42.39,0.08
,19/11/2021,11:23:35,28.66,42.18,0.04
,19/11/2021,11:23:58,28.85,41.74,0.04
,19/11/2021,11:24:33,29.18,41.33,0.05
,19/11/2021,11:24:52,29.31,41.02,0.04
,19/11/2021,11:29:25,30.63,38.76,-0.53
,19/11/2021,11:30:00,30.76,38.64,0.84
,19/11/2021,11:30:09,30.83,38.71,0.72
,19/11/2021,11:30:44,30.88,38.63,1.03
,19/11/2021,11:31:07,30.96,38.72,0.46
,19/11/2021,11:31:36,31.00,38.84,-0.01
,19/11/2021,11:31:45,31.00,38.84,-0.01
,19/11/2021,11:32:04,31.07,38.88,0.02
,19/11/2021,11:32:24,31.07,39.12,0.02
,19/11/2021,11:32:43,31.10,39.75,0.02
,19/11/2021,11:33:02,31.14,41.24,0.04
,19/11/2021,11:33:21,31.17,40.76,0.03
,19/11/2021,11:33:40,31.18,39.86,0.48
,19/11/2021,11:33:59,31.19,39.67,-0.37
,19/11/2021,11:34:19,31.19,39.70,-0.50
,19/11/2021,11:34:50,31.21,40.02,0.60
,19/11/2021,11:34:58,31.22,40.36,-0.20
,19/11/2021,11:35:16,31.22,40.70,0.30
,19/11/2021,11:35:35,31.23,41.04,-0.44
,19/11/2021,11:35:54,31.23,41.08,0.72
,19/11/2021,11:36:14,31.23,41.35,0.69
,19/11/2021,11:36:33,31.23,42.55,0.59
,19/11/2021,11:36:56,31.25,41.30,0.71
,19/11/2021,11:37:20,31.21,40.90,-0.55
,19/11/2021,11:37:30,31.21,40.70,0.00
,19/11/2021,11:37:54,31.21,40.68,0.63
,19/11/2021,11:38:18,31.19,40.49,0.00
,19/11/2021,11:38:29,31.18,40.42,0.00
,19/11/2021,11:38:47,31.17,40.25,0.57
,19/11/2021,11:39:09,31.15,40.22,0.00
,19/11/2021,11:39:27,31.11,40.02,0.00
,19/11/2021,11:39:45,30.99,40.18,0.00
,19/11/2021,11:40:04,30.83,40.42,0.00
,19/11/2021,11:40:23,30.69,40.55,0.00
,19/11/2021,11:40:42,30.59,40.70,0.00
,19/11/2021,11:41:01,30.49,41.37,0.00
,19/11/2021,11:41:20,30.37,41.18,0.00
,19/11/2021,11:41:39,30.28,41.16,0.00
,19/11/2021,11:41:59,30.20,41.26,0.00
,19/11/2021,11:42:18,30.14,41.39,0.00
,19/11/2021,11:42:41,30.07,41.60,0.00
,19/11/2021,11:42:56,30.01,41.61,0.00
,19/11/2021,11:43:15,29.97,41.60,0.00
,19/11/2021,11:43:35,29.92,41.63,0.00
,19/11/2021,11:43:54,29.86,41.69,0.00
,19/11/2021,11:44:13,29.86,41.69,0.00
,19/11/2021,11:44:55,29.80,42.28,0.00
,19/11/2021,11:45:11,29.75,42.32,0.00
,19/11/2021,11:45:30,29.75,42.16,0.00
,19/11/2021,11:45:49,29.73,42.26,0.00
,19/11/2021,11:46:09,29.73,42.43,0.00
,19/11/2021,11:46:28,29.75,42.49,0.00
,19/11/2021,11:46:47,29.77,42.49,0.00
,19/11/2021,11:47:06,29.78,42.50,0.00
,19/11/2021,11:47:25,29.78,42.50,0.00
,19/11/2021,11:47:44,29.80,42.67,0.00
,19/11/2021,11:48:04,29.82,42.74,0.03
,19/11/2021,11:48:22,29.90,42.70,0.00
,19/11/2021,11:48:42,30.00,42.72,0.00
,19/11/2021,11:49:11,30.11,42.49,0.90
,19/11/2021,11:49:22,30.16,42.19,0.86
,19/11/2021,12:02:57,29.65,42.22,0.13
,19/11/2021,12:03:16,29.63,42.13,-0.14
,19/11/2021,12:03:35,29.58,41.95,0.73
,19/11/2021,12:03:54,29.54,41.83,-0.20
,19/11/2021,12:04:14,29.50,41.76,0.43
,19/11/2021,12:04:33,29.47,41.58,0.33
,19/11/2021,12:04:52,29.43,41.48,0.28
,19/11/2021,12:05:11,29.37,41.35,0.62
,19/11/2021,12:05:31,29.32,41.24,0.43
,19/11/2021,12:05:50,29.28,41.12,0.03
,19/11/2021,12:06:09,29.22,41.03,0.67
,19/11/2021,12:06:28,29.21,40.94,0.74
,19/11/2021,12:06:47,29.16,40.83,-0.61
,19/11/2021,12:07:07,29.12,40.76,0.69
,19/11/2021,12:07:26,29.09,40.74,0.04
,19/11/2021,12:07:47,29.06,40.60,0.29
,19/11/2021,12:08:04,29.05,40.45,0.15
,19/11/2021,12:08:23,29.01,40.37,-0.38
,19/11/2021,12:08:43,29.01,40.25,-0.67
,19/11/2021,12:09:02,28.97,40.09,0.02
,19/11/2021,12:09:21,28.93,39.95,-0.33
,19/11/2021,12:09:40,28.92,39.86,-0.25
,19/11/2021,12:10:00,28.87,39.76,0.25
,19/11/2021,12:10:19,28.85,39.67,0.72
,19/11/2021,12:10:38,28.85,39.58,-0.46
,19/11/2021,12:10:57,28.86,39.48,0.11
,19/11/2021,12:11:16,28.87,39.40,-0.08
,19/11/2021,12:11:35,28.87,39.30,-0.07
,19/11/2021,12:11:55,28.86,39.16,-0.42
,19/11/2021,12:12:14,28.87,38.93,-0.04
,19/11/2021,12:12:33,28.85,38.81,-0.15
,19/11/2021,12:12:53,28.85,38.64,0.71
,19/11/2021,12:13:12,28.82,38.59,0.29
,19/11/2021,12:13:31,28.79,38.51,-0.75
,19/11/2021,12:13:50,28.79,38.44,-0.36
,19/11/2021,12:14:09,28.77,38.32,-0.58
,19/11/2021,12:14:28,28.78,38.25,-0.77
,19/11/2021,12:14:48,28.79,38.12,0.08
,19/11/2021,12:15:07,28.78,37.98,0.06
,19/11/2021,12:15:26,28.77,37.87,-0.36
,19/11/2021,12:15:45,28.74,37.76,-0.04
,19/11/2021,12:16:05,28.72,37.68,-0.16
,19/11/2021,12:16:24,28.71,37.65,0.82
,19/11/2021,12:16:43,28.71,37.51,-0.04
,19/11/2021,12:17:02,28.70,37.37,0.08
,19/11/2021,12:17:21,28.68,37.26,0.09
,19/11/2021,12:17:41,28.67,37.30,0.07
,19/11/2021,12:18:01,28.66,37.32,0.05
,19/11/2021,12:18:19,28.66,37.37,0.06
,19/11/2021,12:18:38,28.66,37.53,0.05
,19/11/2021,12:18:58,28.66,37.74,0.07
,19/11/2021,12:19:17,28.66,37.97,0.05
,19/11/2021,12:19:36,28.63,38.27,0.05
,19/11/2021,12:19:55,28.62,38.62,-0.57
,19/11/2021,12:20:14,28.60,38.95,0.56
,19/11/2021,12:20:34,28.56,39.36,0.55
,19/11/2021,12:20:53,28.56,39.78,-0.26
,19/11/2021,12:21:12,28.55,39.97,-0.82
,19/11/2021,12:21:31,28.56,40.02,0.64
,19/11/2021,12:21:51,28.55,39.81,-0.37
,19/11/2021,12:22:10,28.56,39.53,-0.54
,19/11/2021,12:22:29,28.59,39.37,0.10
,19/11/2021,12:22:48,28.59,39.23,-0.71
,19/11/2021,12:23:08,28.62,39.07,0.24
,19/11/2021,12:23:27,28.64,38.93,0.66
,19/11/2021,12:23:46,28.64,38.72,0.21
,19/11/2021,12:24:05,28.63,38.60,0.18
,19/11/2021,12:24:24,28.60,38.53,0.18
,19/11/2021,12:24:43,28.62,38.37,0.76
,19/11/2021,12:25:03,28.64,38.18,-0.43
,19/11/2021,12:25:22,28.64,37.93,0.23
,19/11/2021,12:25:41,28.64,37.74,0.61
,19/11/2021,12:26:00,28.62,37.67,0.11
,19/11/2021,12:26:20,28.60,37.58,0.18
,19/11/2021,12:26:39,28.58,37.48,0.81
,19/11/2021,12:26:58,28.58,37.48,0.27
,19/11/2021,12:27:17,28.56,37.38,0.32
,19/11/2021,12:27:37,28.58,37.27,0.21
,19/11/2021,12:27:56,28.56,37.16,-0.72
,19/11/2021,12:28:16,28.55,37.01,0.06
,19/11/2021,12:28:35,28.53,36.87,0.07
,19/11/2021,12:28:53,28.52,36.85,0.06
,19/11/2021,12:29:13,28.49,36.91,0.06
,19/11/2021,12:29:32,28.48,37.10,0.06
,19/11/2021,12:29:51,28.48,37.44,0.06
,19/11/2021,12:30:10,28.47,37.46,0.05
,19/11/2021,12:30:29,28.44,37.45,0.09
,19/11/2021,12:30:49,28.40,37.84,0.04
,19/11/2021,12:31:08,28.38,38.60,0.05
,19/11/2021,12:31:27,28.37,39.11,-0.23
,19/11/2021,12:31:46,28.36,39.31,-0.18
,19/11/2021,12:32:05,28.34,39.58,0.37
,19/11/2021,12:32:25,28.33,39.87,-0.14
,19/11/2021,12:32:44,28.33,39.93,-0.07
,19/11/2021,12:33:03,28.34,39.75,-0.45
,19/11/2021,12:33:23,28.36,39.52,-0.29
,19/11/2021,12:33:42,28.37,39.40,0.46
,19/11/2021,12:34:01,28.38,39.19,0.46
,19/11/2021,12:34:20,28.40,38.96,-0.72
,19/11/2021,12:34:39,28.41,38.79,-0.12
,19/11/2021,12:34:59,28.40,38.67,0.13
,19/11/2021,12:35:18,28.41,38.48,0.50
,19/11/2021,12:35:37,28.40,38.29,0.09
,19/11/2021,12:35:56,28.40,38.27,-0.74
,19/11/2021,12:36:15,28.40,38.12,0.42
,19/11/2021,12:36:35,28.38,37.95,0.46
,19/11/2021,12:36:54,28.37,37.85,-0.23
,19/11/2021,12:37:13,28.36,37.79,0.73
,19/11/2021,12:37:32,28.36,37.67,-0.35
,19/11/2021,12:37:51,28.34,37.49,0.38
,19/11/2021,12:38:11,28.33,37.40,0.00
,19/11/2021,12:38:40,28.32,37.40,0.23
,19/11/2021,12:38:49,28.30,37.32,0.42
,19/11/2021,12:39:09,28.34,37.23,0.08
,19/11/2021,12:39:28,28.34,37.13,-0.01
,19/11/2021,12:39:47,28.37,37.02,0.08
,19/11/2021,12:40:06,28.38,36.91,0.07
,19/11/2021,12:40:26,28.37,36.92,0.09
,19/11/2021,12:40:45,28.33,37.02,0.03
,19/11/2021,12:41:04,28.32,37.25,0.04
,19/11/2021,12:41:23,28.32,37.42,0.05
,19/11/2021,12:41:42,28.33,37.49,0.07
,19/11/2021,12:42:02,28.30,37.61,0.07
,19/11/2021,12:42:20,28.28,37.81,0.05
,19/11/2021,12:42:40,28.28,38.32,-0.11
,19/11/2021,12:42:59,28.25,39.15,-0.67
,19/11/2021,12:43:18,28.25,39.62,0.68
,19/11/2021,12:43:38,28.25,39.89,-0.16
,19/11/2021,12:43:57,28.25,39.85,0.18
,19/11/2021,12:44:16,28.25,39.55,-0.31
,19/11/2021,12:44:35,28.28,39.25,0.11
,19/11/2021,12:44:54,28.29,39.12,0.13
,19/11/2021,12:45:13,28.30,38.96,-1.14
,19/11/2021,12:45:35,28.32,38.79,-0.50
,19/11/2021,12:45:53,28.32,38.65,-0.15
,19/11/2021,12:46:11,28.33,38.53,0.11
,19/11/2021,12:46:30,28.33,38.39,-0.07
,19/11/2021,12:46:49,28.34,38.18,0.09
,19/11/2021,12:47:09,28.32,38.08,0.15
,19/11/2021,12:47:28,28.33,37.92,0.07
,19/11/2021,12:47:47,28.34,37.73,0.17
,19/11/2021,12:48:07,28.32,37.53,0.21
,19/11/2021,12:48:26,28.32,37.44,0.02
,19/11/2021,12:48:47,28.29,37.32,-0.28
,19/11/2021,12:49:04,28.30,37.21,0.84
,19/11/2021,12:49:23,28.28,37.07,0.25
,19/11/2021,12:49:42,28.28,37.00,0.01
,19/11/2021,12:50:03,28.26,36.90,0.06
,19/11/2021,12:50:21,28.26,36.85,0.05
,19/11/2021,12:50:40,28.26,36.83,0.03
,19/11/2021,12:51:00,28.26,36.87,0.06
,19/11/2021,12:51:19,28.26,37.04,0.06
,19/11/2021,12:51:38,28.26,37.28,0.05
,19/11/2021,12:51:57,28.25,37.23,0.10
,19/11/2021,12:52:16,28.25,37.48,0.04
,19/11/2021,12:52:35,28.25,37.76,0.07
,19/11/2021,12:52:55,28.25,37.90,-0.13
,19/11/2021,12:53:14,28.25,38.39,0.40
,19/11/2021,12:53:33,28.25,38.85,0.38
,19/11/2021,12:53:52,28.24,39.19,0.49
,19/11/2021,12:54:12,28.24,39.32,0.53
,19/11/2021,12:54:31,28.22,39.28,0.00
,19/11/2021,12:54:50,28.24,39.04,0.34
,19/11/2021,12:55:11,28.26,38.81,0.66
,19/11/2021,12:55:28,28.28,38.69,-0.15
,19/11/2021,12:55:47,28.28,38.56,-0.41
,19/11/2021,12:56:07,28.28,38.41,-0.21
,19/11/2021,12:56:26,28.28,38.26,-0.41
,19/11/2021,12:56:45,28.26,38.11,0.65
,19/11/2021,12:57:04,28.26,37.98,-0.55
,19/11/2021,12:57:23,28.29,37.75,0.73
,19/11/2021,12:57:43,28.29,37.60,0.34
,19/11/2021,12:58:02,28.29,37.46,0.66
,19/11/2021,12:58:21,28.29,37.35,0.49
,19/11/2021,12:58:40,28.28,37.18,0.40
,19/11/2021,12:58:59,28.26,37.02,-0.14
,19/11/2021,12:59:19,28.21,36.94,-0.25
,19/11/2021,12:59:38,28.19,36.90,-0.07
,19/11/2021,12:59:57,28.18,36.83,0.10
,19/11/2021,13:00:17,28.17,36.71,0.05
,19/11/2021,13:00:38,28.17,36.67,0.07
,19/11/2021,13:00:54,28.15,36.72,0.06
,19/11/2021,13:01:14,28.15,36.82,0.05
,19/11/2021,13:01:33,28.15,36.91,0.06
,19/11/2021,13:01:53,28.14,37.04,0.08
,19/11/2021,13:02:12,28.13,37.24,0.06
,19/11/2021,13:02:31,28.10,37.46,0.08
,19/11/2021,13:02:50,28.10,37.62,-0.50
,19/11/2021,13:03:09,28.11,37.88,0.28
,19/11/2021,13:03:29,28.11,38.26,0.12
,19/11/2021,13:03:48,28.13,38.75,-0.04
,19/11/2021,13:04:07,28.13,39.16,-0.44
,19/11/2021,13:04:26,28.11,39.31,0.73
,19/11/2021,13:04:45,28.10,39.22,-0.49
,19/11/2021,13:05:05,28.11,39.05,0.02
,19/11/2021,13:05:25,28.13,38.90,0.05
,19/11/2021,13:05:42,28.14,38.72,-0.02
,19/11/2021,13:06:02,28.15,38.51,0.33
,19/11/2021,13:06:21,28.17,38.34,-0.30
,19/11/2021,13:06:41,28.17,38.23,0.10
,19/11/2021,13:07:00,28.17,38.10,0.25
,19/11/2021,13:07:19,28.17,37.97,0.33
,19/11/2021,13:07:38,28.18,37.87,0.06
,19/11/2021,13:07:58,28.17,37.77,0.41
,19/11/2021,13:08:17,28.18,37.63,0.51
,19/11/2021,13:08:35,28.18,37.46,-0.44
,19/11/2021,13:08:55,28.19,37.34,-0.03
,19/11/2021,13:09:14,28.21,37.20,-0.08
,19/11/2021,13:09:33,28.21,37.11,0.08
,19/11/2021,13:09:54,28.21,37.05,0.07
,19/11/2021,13:10:12,28.21,37.37,0.06
,19/11/2021,13:10:32,28.18,37.13,0.07
,19/11/2021,13:10:50,28.19,36.98,0.07
,19/11/2021,13:11:09,28.19,36.96,0.07
,19/11/2021,13:11:28,28.21,37.02,0.09
,19/11/2021,13:11:48,28.21,37.02,0.07
,19/11/2021,13:12:07,28.22,37.08,0.05
,19/11/2021,13:12:27,28.25,37.12,0.07
,19/11/2021,13:12:45,28.25,37.18,0.07
,19/11/2021,13:13:04,28.30,37.19,0.07
,19/11/2021,13:13:24,28.33,37.06,0.06
,19/11/2021,13:13:43,28.36,37.00,0.05
,19/11/2021,13:14:02,28.40,36.95,0.07
,19/11/2021,13:14:21,28.43,36.96,0.06
,19/11/2021,13:14:40,28.45,37.11,0.05
,19/11/2021,13:15:00,28.49,37.14,0.06
,19/11/2021,13:15:20,28.53,37.16,0.07
,19/11/2021,13:15:39,28.56,37.10,0.05
,19/11/2021,13:15:57,28.59,37.37,0.07
,19/11/2021,13:16:16,28.63,37.42,0.04
,19/11/2021,13:16:36,28.64,37.30,0.07
,19/11/2021,13:16:55,28.66,37.84,0.03
,19/11/2021,13:17:14,28.63,38.59,0.07
,19/11/2021,13:17:33,28.64,38.51,0.05
,19/11/2021,13:17:53,28.67,39.18,0.04
,19/11/2021,13:18:12,28.68,42.02,0.08
,19/11/2021,13:18:31,28.83,43.00,0.05
,19/11/2021,13:18:50,29.01,43.04,0.05
,19/11/2021,13:19:09,29.17,41.65,0.03
,19/11/2021,13:19:30,29.33,42.18,0.06
,19/11/2021,13:19:48,29.50,42.65,0.08
,19/11/2021,13:20:07,29.65,42.61,0.05
,19/11/2021,13:20:27,29.80,42.61,0.04
,19/11/2021,13:20:46,29.94,41.22,0.06
,19/11/2021,13:21:05,30.09,40.61,0.06
,19/11/2021,13:21:24,30.26,40.50,0.13
,19/11/2021,13:21:43,30.42,40.74,-0.57
,19/11/2021,13:22:02,30.57,40.92,0.44
,19/11/2021,13:22:21,30.68,41.10,0.43
,19/11/2021,13:22:41,30.78,42.02,-0.33
,19/11/2021,13:23:00,30.88,42.41,0.41
,19/11/2021,13:23:19,30.96,42.49,-0.09
,19/11/2021,13:23:38,31.02,42.19,-0.29
,19/11/2021,13:23:58,31.04,41.94,0.26
,19/11/2021,13:24:17,31.08,41.84,0.70
,19/11/2021,13:24:36,31.10,41.61,0.00
,19/11/2021,13:24:55,31.11,41.41,-0.27
,19/11/2021,13:25:14,31.12,41.26,-0.19
,19/11/2021,13:25:33,31.10,41.10,0.21
,19/11/2021,13:25:53,31.06,41.00,-0.44
,19/11/2021,13:26:12,31.04,40.90,0.18
,19/11/2021,13:26:31,31.02,40.69,0.13
,19/11/2021,13:26:50,31.00,40.63,0.12
,19/11/2021,13:27:09,30.96,40.44,0.43
,19/11/2021,13:27:29,30.95,40.34,0.28
,19/11/2021,13:27:48,30.95,40.25,-0.23
,19/11/2021,13:28:07,30.95,40.09,0.03
,19/11/2021,13:28:26,30.95,39.98,0.37
,19/11/2021,13:28:45,30.95,39.72,-0.58
,19/11/2021,13:29:05,30.95,39.51,0.28
,19/11/2021,13:29:24,30.93,39.29,0.70
,19/11/2021,13:29:43,30.85,39.09,0.46
,19/11/2021,13:30:03,30.58,39.03,-0.24
,19/11/2021,13:30:21,30.23,39.40,-0.54
,19/11/2021,13:30:41,29.96,39.79,-0.37
,19/11/2021,13:31:01,29.77,39.97,0.29
,19/11/2021,13:31:19,29.58,40.25,-0.21
,19/11/2021,13:31:39,29.39,40.45,-0.08
,19/11/2021,13:31:57,29.26,40.46,-0.24
,19/11/2021,13:32:16,29.16,40.60,-0.50
,19/11/2021,13:32:36,29.09,40.59,0.12
,19/11/2021,13:32:55,29.02,40.59,0.06
,19/11/2021,13:33:14,28.94,40.74,0.67
,19/11/2021,13:33:34,28.89,40.58,-0.03
,19/11/2021,13:33:53,28.82,40.55,-0.20
,19/11/2021,13:34:13,28.72,40.53,0.09
,19/11/2021,13:34:31,28.64,40.55,0.41
,19/11/2021,13:34:51,28.58,40.73,-0.63
,19/11/2021,13:35:10,28.56,40.90,0.04
,19/11/2021,13:35:29,28.55,40.75,0.54
,19/11/2021,13:35:48,28.56,40.70,0.61
,19/11/2021,13:36:09,28.59,40.82,0.13
,19/11/2021,13:36:27,28.60,40.52,-0.59
,19/11/2021,13:36:46,28.60,40.27,0.14
,19/11/2021,13:37:05,28.59,40.35,-0.26
,19/11/2021,13:37:24,28.56,40.15,0.30
,19/11/2021,13:37:44,28.51,40.03,-0.02
,19/11/2021,13:38:03,28.45,39.95,0.05
,19/11/2021,13:38:22,28.40,40.15,0.06
,19/11/2021,13:38:41,28.37,40.07,0.08
,19/11/2021,13:39:01,28.32,40.04,0.05
,19/11/2021,13:39:20,28.22,40.64,0.04
,19/11/2021,13:39:39,28.24,40.73,0.02
,19/11/2021,13:39:58,28.24,40.55,0.08
,19/11/2021,13:40:17,28.25,40.47,0.06
,19/11/2021,13:40:37,28.33,40.47,0.06
,19/11/2021,13:40:56,28.44,40.35,0.07
,19/11/2021,13:41:15,28.55,40.15,0.08
,19/11/2021,13:41:34,28.64,39.97,0.08
,19/11/2021,13:41:54,28.75,39.83,0.07
,19/11/2021,13:42:13,28.82,39.62,0.08
,19/11/2021,13:42:32,28.89,39.57,0.07
,19/11/2021,13:42:51,28.93,39.50,0.04
,19/11/2021,13:43:10,29.01,39.42,0.09
,19/11/2021,13:43:29,29.06,39.34,0.06
,19/11/2021,13:43:49,29.12,39.29,0.05
,19/11/2021,13:44:13,29.16,39.25,0.03
,19/11/2021,13:44:27,29.20,39.23,0.05
,19/11/2021,13:44:46,29.25,39.16,0.06
,19/11/2021,13:45:06,29.29,39.09,0.05
,19/11/2021,13:45:25,29.33,39.05,0.04
,19/11/2021,13:45:45,29.36,39.01,0.11
,19/11/2021,13:46:04,29.39,39.00,0.05
,19/11/2021,13:46:30,29.44,38.93,0.08
,19/11/2021,13:46:41,29.48,38.91,0.08
,19/11/2021,13:47:00,29.54,38.85,0.03
,19/11/2021,13:47:20,29.60,38.77,0.07
,19/11/2021,13:47:39,29.63,38.72,0.05
,19/11/2021,13:47:58,29.66,38.71,0.07
,19/11/2021,13:48:17,29.70,38.70,0.04
,19/11/2021,13:48:36,29.75,38.77,0.03
,19/11/2021,13:48:56,29.81,38.72,0.05
,19/11/2021,13:49:16,29.85,38.62,0.05
,19/11/2021,13:49:34,29.90,38.58,0.06
,19/11/2021,13:49:53,29.96,38.55,0.07
,19/11/2021,13:50:13,30.01,38.48,0.06
,19/11/2021,13:50:32,30.04,38.42,0.07
,19/11/2021,13:50:51,30.08,38.35,0.08
,19/11/2021,13:51:10,30.14,38.29,0.05
,19/11/2021,13:51:29,30.15,38.28,0.06
,19/11/2021,13:51:48,30.18,38.28,0.08
,19/11/2021,13:52:08,30.19,38.29,0.05
,19/11/2021,13:52:27,30.20,38.29,0.06
,19/11/2021,13:52:47,30.23,38.22,0.07
,19/11/2021,13:53:05,30.27,38.23,0.03
,19/11/2021,13:53:25,30.30,38.21,0.05
,19/11/2021,13:53:44,30.30,38.20,0.07
,19/11/2021,13:54:03,30.34,38.22,0.05
,19/11/2021,13:54:22,30.37,38.23,0.07
,19/11/2021,13:54:42,30.39,38.25,0.05
,19/11/2021,13:55:01,30.43,38.26,0.07
,19/11/2021,13:55:20,30.46,38.18,0.07
,19/11/2021,13:55:39,30.47,38.18,0.05
,19/11/2021,13:55:58,30.53,38.18,0.08
,19/11/2021,13:56:18,30.55,38.14,0.06
,19/11/2021,13:56:37,30.55,38.16,0.06
,19/11/2021,13:56:56,30.58,38.15,0.05
,19/11/2021,13:57:15,30.59,38.13,0.08
,19/11/2021,13:57:34,30.58,38.15,0.07
,19/11/2021,13:57:55,30.58,38.18,0.03
,19/11/2021,13:58:13,30.59,38.26,0.09
,19/11/2021,13:58:32,30.62,38.31,0.07
,19/11/2021,13:58:51,30.63,38.27,0.04
,19/11/2021,13:59:10,30.65,38.25,0.05
,19/11/2021,13:59:30,30.68,38.28,0.04
,19/11/2021,13:59:49,30.70,38.27,0.04
,19/11/2021,14:00:08,30.70,38.25,0.05
,19/11/2021,14:00:27,30.70,38.27,0.05
,19/11/2021,14:00:47,30.73,38.36,0.06
,19/11/2021,14:01:06,30.73,38.36,0.03
,19/11/2021,14:01:25,30.76,38.34,0.04
,19/11/2021,14:01:44,30.76,38.32,0.08
,19/11/2021,14:02:05,30.76,38.41,0.06
,19/11/2021,14:02:23,30.76,38.43,0.04
,19/11/2021,14:02:42,30.76,38.48,0.07
,19/11/2021,14:03:02,30.74,38.46,0.06
,19/11/2021,14:03:21,30.76,38.58,0.05
,19/11/2021,14:03:39,30.77,38.53,0.05
,19/11/2021,14:03:59,30.78,38.57,0.05
,19/11/2021,14:04:18,30.78,38.57,0.04
,19/11/2021,14:04:37,30.78,38.63,0.03
,19/11/2021,14:04:56,30.78,38.63,0.06
,19/11/2021,14:05:16,30.76,38.75,0.02
,19/11/2021,14:05:35,30.76,38.77,0.08
,19/11/2021,14:05:54,30.81,38.78,0.07
,19/11/2021,14:06:13,30.81,38.81,0.07
,19/11/2021,14:06:33,30.84,38.75,0.07
,19/11/2021,14:06:52,30.87,38.74,0.06
,19/11/2021,14:07:11,30.87,38.70,0.06
,19/11/2021,14:07:34,30.88,38.79,0.07
,19/11/2021,14:07:49,30.89,38.76,0.05
,19/11/2021,14:08:09,30.89,38.79,0.05
,19/11/2021,14:08:28,30.91,38.90,0.09
,19/11/2021,14:08:47,30.91,38.88,0.07
,19/11/2021,14:09:06,30.93,38.93,0.07
,19/11/2021,14:09:25,30.95,38.96,0.07
,19/11/2021,14:09:45,30.96,39.00,0.06
,19/11/2021,14:10:04,30.97,38.96,0.07
,19/11/2021,14:10:23,30.99,38.92,0.07
,19/11/2021,14:10:42,31.00,38.92,0.05
,19/11/2021,14:11:01,31.00,38.95,0.06
,19/11/2021,14:11:21,30.99,38.97,0.03
,19/11/2021,14:11:40,30.97,39.00,0.06
,19/11/2021,14:11:59,30.99,39.12,0.07
,19/11/2021,14:12:18,30.99,39.12,0.08
,19/11/2021,14:12:38,31.00,39.12,0.06
,19/11/2021,14:12:57,31.00,39.22,0.09
,19/11/2021,14:13:17,31.03,39.26,0.05
,19/11/2021,14:13:35,31.04,39.26,0.03
,19/11/2021,14:13:54,31.06,39.25,0.06
,19/11/2021,14:14:13,31.07,39.25,0.04
,19/11/2021,14:14:33,31.08,39.25,0.07
,19/11/2021,14:14:52,31.08,39.29,0.08
,19/11/2021,14:15:11,31.10,39.31,0.06
,19/11/2021,14:15:31,31.10,39.31,0.05
,19/11/2021,14:15:49,31.11,39.32,0.06
,19/11/2021,14:16:09,31.12,39.40,0.09
,19/11/2021,14:16:29,31.11,39.45,0.07
,19/11/2021,14:16:47,31.11,39.50,0.07
,19/11/2021,14:17:07,31.08,39.44,0.03
,19/11/2021,14:17:26,31.03,40.37,0.07
,19/11/2021,14:17:45,30.95,40.70,0.06
,19/11/2021,14:18:04,30.93,41.16,0.08
,19/11/2021,14:18:24,30.96,41.20,0.03
,19/11/2021,14:18:43,30.93,41.12,0.03
,19/11/2021,14:19:02,30.88,41.28,0.06
,19/11/2021,14:19:21,30.85,41.53,0.08
,19/11/2021,14:19:41,30.84,41.65,0.07
,19/11/2021,14:19:59,30.81,41.53,0.07
,19/11/2021,14:20:19,30.81,41.53,0.07
,19/11/2021,14:20:38,30.80,41.66,0.07
,19/11/2021,14:20:57,30.78,41.75,0.07
,19/11/2021,14:21:16,30.78,41.75,0.04
,19/11/2021,14:21:36,30.77,41.72,0.08
,19/11/2021,14:21:55,30.77,41.69,0.05
,19/11/2021,14:22:14,30.77,41.67,0.09
,19/11/2021,14:22:33,30.78,41.74,0.04
,19/11/2021,14:22:53,30.78,41.79,0.07
,19/11/2021,14:23:12,30.80,41.75,0.06
,19/11/2021,14:23:32,30.84,41.99,0.07
,19/11/2021,14:23:50,30.87,42.00,0.07
,19/11/2021,14:24:09,30.89,41.90,0.04
,19/11/2021,14:24:28,30.89,42.09,0.06
,19/11/2021,14:24:48,30.89,42.07,0.07
,19/11/2021,14:25:07,30.91,42.04,0.08
,19/11/2021,14:25:26,30.92,41.93,0.05
,19/11/2021,14:25:45,30.93,42.04,0.07
,19/11/2021,14:26:05,30.89,42.02,0.06
,19/11/2021,14:26:24,30.89,42.03,0.06
,19/11/2021,14:26:43,30.91,42.06,0.05
,19/11/2021,14:27:02,30.92,42.00,0.05
,19/11/2021,14:27:22,30.93,42.06,0.05
,19/11/2021,14:27:41,30.95,42.09,0.07
,19/11/2021,14:28:00,30.93,42.16,0.08
,19/11/2021,14:28:19,30.89,42.26,0.05
,19/11/2021,14:28:39,30.88,42.80,0.06
,19/11/2021,14:28:58,30.87,43.01,0.07
,19/11/2021,14:29:17,30.89,43.21,0.05
,19/11/2021,14:29:36,30.89,43.19,0.07
,19/11/2021,14:29:55,30.85,43.07,0.05
,19/11/2021,14:30:14,30.74,44.13,0.06
,19/11/2021,14:30:33,30.65,44.87,0.03
,19/11/2021,14:30:53,30.57,45.15,0.07
,19/11/2021,14:31:12,30.53,45.31,0.09
,19/11/2021,14:31:31,30.50,45.28,0.06
,19/11/2021,14:31:51,30.49,45.29,0.08
,19/11/2021,14:32:10,30.42,45.18,0.09
,19/11/2021,14:32:29,30.37,45.04,0.07
,19/11/2021,14:32:48,30.39,45.06,0.06
,19/11/2021,14:33:07,30.49,45.08,0.06
,19/11/2021,14:33:27,30.55,44.95,0.06
,19/11/2021,14:33:46,30.58,44.73,-0.38
,19/11/2021,14:34:05,30.63,44.70,0.02
,19/11/2021,14:34:24,30.62,44.65,0.07
,19/11/2021,14:34:43,30.55,44.95,0.16
,19/11/2021,14:35:03,30.53,45.12,-0.26
,19/11/2021,14:35:22,30.49,45.10,-0.23
,19/11/2021,14:35:42,30.39,45.15,0.25
,19/11/2021,14:36:00,30.31,45.22,-0.33
,19/11/2021,14:36:20,30.26,45.09,0.23
,19/11/2021,14:36:39,30.20,45.00,0.25
,19/11/2021,14:36:58,30.15,44.94,-0.50
,19/11/2021,14:37:17,30.11,44.82,0.43
,19/11/2021,14:37:36,30.03,44.70,0.13
,19/11/2021,14:37:56,29.96,44.70,-0.28
,19/11/2021,14:38:15,29.88,44.67,0.20
,19/11/2021,14:38:35,29.81,44.70,0.63
,19/11/2021,14:38:54,29.77,44.58,-0.22
,19/11/2021,14:39:12,29.70,44.49,0.50
,19/11/2021,14:39:31,29.65,44.35,0.10
,19/11/2021,14:39:51,29.60,44.32,-0.08
,19/11/2021,14:40:10,29.55,44.21,0.38
,19/11/2021,14:40:29,29.50,44.17,0.02
,19/11/2021,14:40:48,29.44,44.09,0.81
,19/11/2021,14:41:08,29.39,43.91,0.74
,19/11/2021,14:41:27,29.33,43.79,0.71
,19/11/2021,14:41:46,29.28,43.68,0.17
,19/11/2021,14:42:05,29.22,43.65,-0.05
,19/11/2021,14:42:24,29.17,43.52,0.30
,19/11/2021,14:42:44,29.12,43.41,-0.01
,19/11/2021,14:43:03,29.05,43.27,-0.33
,19/11/2021,14:43:22,28.97,43.19,0.53
,19/11/2021,14:43:42,28.94,43.19,0.42
,19/11/2021,14:44:01,28.93,43.00,0.75
,19/11/2021,14:44:20,28.90,42.80,-0.25
,19/11/2021,14:44:39,28.85,42.65,-0.44
,19/11/2021,14:44:58,28.79,42.52,-0.13
,19/11/2021,14:45:18,28.77,42.55,0.48
,19/11/2021,14:45:37,28.77,42.35,0.11
,19/11/2021,14:45:56,28.72,42.18,-0.04
,19/11/2021,14:46:15,28.68,42.02,0.19
,19/11/2021,14:46:34,28.64,41.98,-0.42
,19/11/2021,14:46:54,28.59,41.84,0.51
,19/11/2021,14:47:13,28.56,41.74,-0.61
,19/11/2021,14:47:32,28.53,41.55,-0.23
,19/11/2021,14:47:51,28.49,41.47,0.03
,19/11/2021,14:48:10,28.45,41.33,-0.15
,19/11/2021,14:48:30,28.47,41.26,0.06
,19/11/2021,14:48:50,28.45,41.08,0.05
,19/11/2021,14:49:08,28.44,40.95,0.30
,19/11/2021,14:49:27,28.41,40.77,0.23
,19/11/2021,14:49:46,28.38,40.66,0.21
,19/11/2021,14:50:06,28.36,40.67,-0.32
,19/11/2021,14:50:25,28.34,40.53,0.71
,19/11/2021,14:50:44,28.34,40.42,0.82
,19/11/2021,14:51:04,28.34,40.35,0.17
,19/11/2021,14:51:23,28.34,40.23,0.52
,19/11/2021,14:51:42,28.37,40.12,0.42
,19/11/2021,14:52:01,28.38,40.00,0.40
,19/11/2021,14:52:21,28.43,39.88,-0.06
,19/11/2021,14:52:40,28.43,39.69,0.25
,19/11/2021,14:52:59,28.41,39.59,0.02
,19/11/2021,14:53:18,28.38,39.53,0.56
,19/11/2021,14:53:38,28.34,39.47,0.80
,19/11/2021,14:53:57,28.29,39.47,0.29
,19/11/2021,14:54:16,28.24,39.36,0.07
,19/11/2021,14:54:35,28.18,39.37,-0.45
,19/11/2021,14:54:54,28.17,39.34,0.04
,19/11/2021,14:55:14,28.15,39.32,-0.08
,19/11/2021,14:55:33,28.14,39.25,0.13
,19/11/2021,14:55:52,28.13,39.11,-0.16
,19/11/2021,14:56:11,28.11,39.05,-0.19
,19/11/2021,14:56:30,28.09,38.96,-0.23
,19/11/2021,14:56:49,28.06,38.85,0.12
,19/11/2021,14:57:09,28.02,38.79,-0.15
,19/11/2021,14:57:29,27.96,38.71,0.03
,19/11/2021,14:57:48,27.94,38.93,0.08
,19/11/2021,14:58:07,27.91,38.98,0.54
,19/11/2021,14:58:26,27.85,38.90,0.34
,19/11/2021,14:58:45,27.87,38.84,-0.37
,19/11/2021,14:59:05,27.91,38.67,0.21
,19/11/2021,14:59:24,27.94,38.64,0.13
,19/11/2021,14:59:43,27.95,38.84,0.14
,19/11/2021,15:00:02,28.00,38.98,0.04
,19/11/2021,15:00:21,28.02,38.99,0.47
,19/11/2021,15:00:41,28.02,38.82,-0.30
,19/11/2021,15:00:59,28.03,38.67,0.17
,19/11/2021,15:01:19,28.03,38.48,-0.03
,19/11/2021,15:01:38,28.02,38.32,-0.32
,19/11/2021,15:01:57,28.00,38.21,-0.32
,19/11/2021,15:02:17,27.99,38.10,0.25
,19/11/2021,15:02:36,27.99,38.04,-0.11
,19/11/2021,15:02:55,27.95,37.88,0.84
,19/11/2021,15:03:14,27.92,37.81,0.25
,19/11/2021,15:03:33,27.90,37.70,0.52
,19/11/2021,15:03:53,27.84,37.59,-0.03
,19/11/2021,15:04:13,27.80,37.54,-0.25
,19/11/2021,15:04:31,27.75,37.57,-0.04
,19/11/2021,15:04:52,27.69,37.58,0.39
,19/11/2021,15:05:09,27.64,37.51,0.09
,19/11/2021,15:05:29,27.61,37.51,0.03
,19/11/2021,15:05:48,27.60,37.46,0.10
,19/11/2021,15:06:07,27.61,37.43,-0.16
,19/11/2021,15:06:26,27.64,37.30,-0.60
,19/11/2021,15:06:45,27.61,37.20,-0.01
,19/11/2021,15:07:05,27.60,37.16,-0.03
,19/11/2021,15:07:24,27.60,37.08,-0.13
,19/11/2021,15:07:43,27.58,37.04,0.06
,19/11/2021,15:08:02,27.58,36.97,0.07
,19/11/2021,15:08:22,27.58,36.93,0.06
,19/11/2021,15:08:41,27.57,37.06,0.05
,19/11/2021,15:09:00,27.55,37.30,0.08
,19/11/2021,15:09:20,27.58,37.53,0.08
,19/11/2021,15:09:39,27.57,37.76,0.04
,19/11/2021,15:09:58,27.52,37.94,0.06
,19/11/2021,15:10:17,27.52,38.17,0.06
,19/11/2021,15:10:36,27.48,38.53,0.04
,19/11/2021,15:10:56,27.46,38.93,-0.55
,19/11/2021,15:11:15,27.45,39.44,0.43
,19/11/2021,15:11:34,27.45,39.79,0.64
,19/11/2021,15:11:53,27.50,40.09,-0.22
,19/11/2021,15:12:12,27.58,40.06,0.09
,19/11/2021,15:12:32,27.62,39.76,0.03
,19/11/2021,15:12:51,27.66,39.55,-0.01
,19/11/2021,15:13:10,27.70,39.42,0.61
,19/11/2021,15:13:29,27.72,39.28,0.26
,19/11/2021,15:13:49,27.73,39.13,0.44
,19/11/2021,15:14:08,27.73,39.04,-0.01
,19/11/2021,15:14:28,27.76,38.89,-0.01
,19/11/2021,15:14:46,27.77,38.71,-0.10
,19/11/2021,15:15:06,27.72,38.54,0.08
,19/11/2021,15:15:25,27.68,38.48,-0.06
,19/11/2021,15:15:44,27.64,38.41,-0.04
,19/11/2021,15:16:03,27.61,38.30,0.22
,19/11/2021,15:16:22,27.57,38.23,0.05
,19/11/2021,15:16:42,27.52,38.15,0.04
,19/11/2021,15:17:01,27.48,38.10,0.33
,19/11/2021,15:17:20,27.44,38.00,0.24
,19/11/2021,15:17:39,27.40,37.95,0.27
,19/11/2021,15:17:59,27.38,37.92,0.05
,19/11/2021,15:18:18,27.38,37.85,-0.02
,19/11/2021,15:18:37,27.37,37.71,-0.59
,19/11/2021,15:18:56,27.37,37.60,-0.08
,19/11/2021,15:19:15,27.34,37.44,0.30
,19/11/2021,15:19:35,27.30,37.39,0.39
,19/11/2021,15:19:54,27.30,37.41,0.06
,19/11/2021,15:20:13,27.29,37.24,0.06
,19/11/2021,15:20:32,27.29,37.23,0.04
,19/11/2021,15:20:52,27.33,37.23,0.05
,19/11/2021,15:21:12,27.38,37.35,0.05
,19/11/2021,15:21:30,27.49,37.48,0.08
,19/11/2021,15:21:49,27.55,37.45,0.08
,19/11/2021,15:22:08,27.57,37.49,0.08
,19/11/2021,15:22:28,27.61,37.65,0.05
,19/11/2021,15:22:47,27.39,38.11,-0.03
,19/11/2021,15:23:06,27.38,38.11,0.51
,19/11/2021,15:23:25,27.37,38.11,-0.13
,19/11/2021,15:23:45,27.37,38.12,-0.07
,19/11/2021,15:24:04,27.36,38.12,-0.13
,19/11/2021,15:24:23,27.36,38.12,-0.17
,19/11/2021,15:24:43,27.35,38.12,0.58
,19/11/2021,15:25:02,27.34,38.13,0.04
,19/11/2021,15:25:21,27.34,38.13,-0.18
,19/11/2021,15:25:40,27.33,38.13,0.00
,19/11/2021,15:25:59,27.33,38.14,0.42
,19/11/2021,15:26:19,27.32,38.14,0.42
,19/11/2021,15:26:38,27.31,38.14,-0.05
,19/11/2021,15:26:57,27.31,38.15,0.10
,19/11/2021,15:27:16,27.30,38.15,-0.17
,19/11/2021,15:27:35,27.29,38.15,-0.78
,19/11/2021,15:27:55,27.29,38.16,0.45
,19/11/2021,15:28:14,27.28,38.16,0.20
,19/11/2021,15:28:35,27.28,38.16,0.10
,19/11/2021,15:28:53,27.27,38.17,0.04
,19/11/2021,15:29:12,27.26,38.17,0.18
,19/11/2021,15:29:31,27.26,38.17,0.40
,19/11/2021,15:29:50,27.25,38.18,-0.10
,19/11/2021,15:30:09,27.25,38.18,0.19
,19/11/2021,15:30:29,27.24,38.18,-0.35
,19/11/2021,15:30:48,27.23,38.18,-0.08
,19/11/2021,15:31:08,27.23,38.19,0.33
,19/11/2021,15:31:27,27.22,38.19,0.64
,19/11/2021,15:31:46,27.22,38.19,-0.44
,19/11/2021,15:32:06,27.21,38.20,-0.05
,19/11/2021,15:32:25,27.20,38.20,0.24
,19/11/2021,15:32:44,27.20,38.20,-0.16
,19/11/2021,15:33:03,27.19,38.21,0.51
,19/11/2021,15:33:22,27.19,38.21,-0.33
,19/11/2021,15:33:42,27.18,38.21,0.23
,19/11/2021,15:34:01,27.17,38.22,0.48
,19/11/2021,15:34:20,27.17,38.22,-0.16
,19/11/2021,15:34:39,27.16,38.22,-0.23
,19/11/2021,15:34:59,27.16,38.23,0.55
,19/11/2021,15:35:18,27.15,38.23,-0.91
,19/11/2021,15:35:37,27.14,38.23,-0.13
,19/11/2021,15:35:56,27.14,38.24,0.36
,19/11/2021,15:36:15,27.13,38.24,-0.33
,19/11/2021,15:36:35,27.13,38.24,-0.05
,19/11/2021,15:36:54,27.12,38.24,0.21
,19/11/2021,15:37:14,27.11,38.25,0.51
,19/11/2021,15:37:32,27.11,38.25,-0.14
,19/11/2021,15:37:52,27.10,38.25,-0.49
,19/11/2021,15:38:11,27.10,38.26,0.16
,19/11/2021,15:39:13,28.11,45.24,0.57
,19/11/2021,15:39:30,28.03,45.10,0.39
,19/11/2021,15:39:49,27.94,45.07,0.07
,19/11/2021,15:40:08,27.88,45.00,0.57
,19/11/2021,15:40:28,27.81,44.85,-0.21
,19/11/2021,15:40:47,27.75,44.80,0.21
,19/11/2021,15:41:06,27.69,44.75,0.07
,19/11/2021,15:41:26,27.64,44.60,-0.04
,19/11/2021,15:41:45,27.60,44.56,0.22
,19/11/2021,15:42:04,27.55,44.45,0.44
,19/11/2021,15:42:23,27.49,44.31,0.35
,19/11/2021,15:42:42,27.45,44.24,0.79
,19/11/2021,15:43:01,27.40,44.14,-0.23
,19/11/2021,15:43:21,27.34,44.07,-0.07
,19/11/2021,15:43:40,27.29,44.00,-0.08
,19/11/2021,15:43:59,27.25,43.95,0.43
,19/11/2021,15:44:19,27.23,43.84,0.44
,19/11/2021,15:44:38,27.21,43.70,0.33
,19/11/2021,15:44:57,27.18,43.74,0.08
,19/11/2021,15:45:16,27.22,43.77,0.03
,19/11/2021,15:45:35,27.23,43.72,0.35
,19/11/2021,15:45:55,27.23,43.48,0.55
,19/11/2021,15:46:14,27.26,43.27,-0.06
,19/11/2021,15:46:33,27.23,42.93,-0.08
,19/11/2021,15:46:52,27.23,42.77,0.32
,19/11/2021,15:47:11,27.21,42.53,0.33
,19/11/2021,15:47:31,27.15,42.44,0.35
,19/11/2021,15:47:50,27.10,42.33,0.29
,19/11/2021,15:48:09,27.04,42.23,-0.20
,19/11/2021,15:48:28,27.00,42.16,0.40
,19/11/2021,15:48:48,26.97,42.12,0.33
,19/11/2021,15:49:07,26.95,42.16,0.34
,19/11/2021,15:49:27,26.91,42.05,-0.16
,19/11/2021,15:49:46,26.89,42.00,0.15
,19/11/2021,15:50:05,26.87,41.99,0.04
,19/11/2021,15:50:24,26.85,41.88,0.19
,19/11/2021,15:50:43,26.84,41.75,-0.04
,19/11/2021,15:51:03,26.81,41.63,-0.44
,19/11/2021,15:51:22,26.78,41.48,-0.17
,19/11/2021,15:51:41,26.78,41.46,0.06
,19/11/2021,15:52:01,26.78,41.30,0.38
,19/11/2021,15:52:19,26.74,41.20,-0.17
,19/11/2021,15:52:39,26.70,41.17,-0.28
,19/11/2021,15:52:58,26.73,41.10,0.01
,19/11/2021,15:53:17,26.74,40.90,0.64
,19/11/2021,15:53:37,26.72,40.84,0.34
,19/11/2021,15:53:56,26.70,40.76,0.18
,19/11/2021,15:54:15,26.70,40.61,-0.05
,19/11/2021,15:54:36,26.69,40.50,-0.10
,19/11/2021,15:54:54,26.69,40.42,-0.60
,19/11/2021,15:55:13,26.66,40.26,0.40
,19/11/2021,15:55:32,26.63,40.14,0.70
,19/11/2021,15:55:51,26.61,40.14,0.31
,19/11/2021,15:56:10,26.58,40.08,-0.19
,19/11/2021,15:56:30,26.58,40.04,-0.04
,19/11/2021,15:56:49,26.59,39.93,-0.59
,19/11/2021,15:57:08,26.58,39.83,-0.02
,19/11/2021,15:57:28,26.57,39.72,0.64
,19/11/2021,15:57:47,26.57,39.61,0.06
,19/11/2021,15:58:06,26.55,39.50,-0.15
,19/11/2021,15:58:25,26.54,39.67,0.03
,19/11/2021,15:58:44,26.54,39.54,0.06
,19/11/2021,15:59:04,26.57,39.40,0.05
,19/11/2021,15:59:23,26.61,39.40,0.04
,19/11/2021,15:59:43,26.69,39.40,0.07
,19/11/2021,16:00:02,26.78,39.40,0.06
,19/11/2021,16:00:20,26.87,39.37,0.05
,19/11/2021,16:00:40,26.96,39.29,0.05
,19/11/2021,16:00:59,27.04,39.22,0.05
,19/11/2021,16:01:18,-40.00,0.00,0.35
,19/11/2021,16:01:37,-40.00,0.00,0.63
,19/11/2021,16:01:57,-40.00,0.00,-0.43
,19/11/2021,16:02:16,-40.00,0.00,0.40
,19/11/2021,16:02:36,-40.00,0.00,0.24
,19/11/2021,16:02:54,-40.00,0.00,-0.18
,19/11/2021,16:03:14,-40.00,0.00,-0.20
,19/11/2021,16:03:33,-40.00,0.00,0.74
,19/11/2021,16:03:52,-40.00,0.00,0.20
,19/11/2021,16:04:12,-40.00,0.00,0.66
,19/11/2021,16:04:31,-40.00,0.00,0.20
,19/11/2021,16:04:51,-40.00,0.00,0.44
,19/11/2021,16:05:09,-40.00,0.00,0.06
,19/11/2021,16:05:29,-40.00,0.00,-0.34
,19/11/2021,16:05:49,-40.00,0.00,-0.23
,19/11/2021,16:06:07,-40.00,0.00,0.73
,19/11/2021,16:06:27,-40.00,0.00,-0.42
,19/11/2021,16:06:46,-40.00,0.00,0.10
,19/11/2021,16:07:05,-40.00,0.00,0.14
,19/11/2021,16:07:24,-40.00,0.00,0.60
,19/11/2021,16:07:43,-40.00,0.00,0.00
,19/11/2021,16:08:03,-40.00,0.00,-0.21
,19/11/2021,16:08:22,-40.00,0.00,0.14
,19/11/2021,16:08:41,-40.00,0.00,0.37
,19/11/2021,16:09:01,-40.00,0.00,-0.01
,19/11/2021,16:09:20,-40.00,0.00,0.07
,19/11/2021,16:09:39,-40.00,0.00,0.06
,19/11/2021,16:09:59,-40.00,0.00,0.04
,19/11/2021,16:10:17,-40.00,0.00,0.07
,19/11/2021,16:10:37,-40.00,0.00,0.09
,19/11/2021,16:10:56,-40.00,0.00,0.04
,19/11/2021,16:11:16,-40.00,0.00,0.05
,19/11/2021,16:11:35,-40.00,0.00,0.06
,19/11/2021,16:11:54,-40.00,0.00,0.05
,19/11/2021,16:12:13,26.72,40.97,0.13
,19/11/2021,16:12:33,26.72,41.25,-0.38
,19/11/2021,16:12:52,26.73,41.86,-0.28
,19/11/2021,16:13:11,26.74,42.11,0.21
,19/11/2021,16:13:30,26.76,42.18,0.27
,19/11/2021,16:13:49,26.77,42.11,0.00
,19/11/2021,16:14:09,26.77,42.09,-0.28
,19/11/2021,16:14:28,26.77,42.02,-0.48
,19/11/2021,16:14:48,26.76,41.88,-0.06
,19/11/2021,16:15:08,26.76,41.77,-0.18
,19/11/2021,16:15:26,26.72,41.65,0.01
,19/11/2021,16:15:45,26.70,41.55,0.03
,19/11/2021,16:16:05,26.68,41.41,-0.52
,19/11/2021,16:16:24,26.68,41.35,-0.73
,19/11/2021,16:16:43,26.65,41.30,0.13
,19/11/2021,16:17:02,26.65,41.20,-0.02
,19/11/2021,16:17:21,26.63,41.08,0.38
,19/11/2021,16:17:41,26.62,40.93,-0.20
,19/11/2021,16:18:00,26.61,40.82,-0.69
,19/11/2021,16:18:19,26.59,40.86,0.07
,19/11/2021,16:18:38,26.61,40.76,0.45
,19/11/2021,16:18:58,26.59,40.53,0.24
,19/11/2021,16:19:17,26.58,40.58,-0.25
,19/11/2021,16:19:36,26.58,40.51,0.06
,19/11/2021,16:19:56,26.57,40.34,0.22
,19/11/2021,16:20:15,26.54,40.12,0.54
,19/11/2021,16:20:34,26.54,40.01,-0.13
,19/11/2021,16:20:53,26.51,39.93,0.35
,19/11/2021,16:21:12,26.50,39.81,-0.22
,19/11/2021,16:21:32,26.48,39.74,-0.13
,19/11/2021,16:21:51,26.48,39.64,-0.03
,19/11/2021,16:22:10,26.47,39.56,0.09
,19/11/2021,16:22:29,26.44,39.54,0.07
,19/11/2021,16:22:49,26.44,39.56,0.05
,19/11/2021,16:23:08,26.44,39.69,0.06
,19/11/2021,16:23:27,26.44,39.95,0.08
,19/11/2021,16:23:46,26.46,40.14,0.05
,19/11/2021,16:24:05,26.48,40.49,0.05
,19/11/2021,16:24:25,26.51,40.47,0.06
,19/11/2021,16:24:44,26.55,40.69,0.08
,19/11/2021,16:25:04,26.58,40.66,0.40
,19/11/2021,16:25:23,26.59,40.88,-0.28
,19/11/2021,16:25:42,26.63,41.27,-0.26
,19/11/2021,16:26:01,26.66,42.00,0.83
,19/11/2021,16:26:20,26.70,41.99,0.31
,19/11/2021,16:26:40,26.73,41.76,-0.24
,19/11/2021,16:26:59,26.74,41.55,0.38
,19/11/2021,16:27:18,26.74,41.47,0.61
,19/11/2021,16:27:37,26.74,41.41,-0.04
,19/11/2021,16:27:56,26.76,41.35,-0.38
,19/11/2021,16:28:16,26.74,41.20,0.29
,19/11/2021,16:28:35,26.72,41.04,0.20
,19/11/2021,16:28:54,26.72,40.93,0.36
,19/11/2021,16:29:14,26.70,40.82,-0.43
,19/11/2021,16:29:33,26.69,40.76,-0.60
,19/11/2021,16:29:52,26.68,40.66,0.23
,19/11/2021,16:30:11,26.66,40.56,0.13
,19/11/2021,16:30:32,26.63,40.44,-0.25
,19/11/2021,16:30:50,26.62,40.31,-0.13
,19/11/2021,16:31:09,26.61,40.27,0.63
,19/11/2021,16:31:28,26.59,40.15,-0.05
,19/11/2021,16:31:48,26.58,40.06,0.23
,19/11/2021,16:32:07,26.55,39.99,0.36
,19/11/2021,16:32:26,26.53,39.94,0.82
,19/11/2021,16:32:45,26.50,39.89,0.05
,19/11/2021,16:33:05,26.48,39.87,0.06
,19/11/2021,16:33:24,26.46,39.86,0.05
,19/11/2021,16:33:43,26.46,39.99,0.06
,19/11/2021,16:34:03,26.47,40.23,0.06
,19/11/2021,16:34:22,26.48,40.64,0.04
,19/11/2021,16:34:41,26.48,40.90,0.07
,19/11/2021,16:35:00,26.50,40.88,0.09
,19/11/2021,16:35:19,26.51,41.07,0.07
,19/11/2021,16:35:39,26.54,41.16,0.12
,19/11/2021,16:35:58,26.57,41.37,0.73
,19/11/2021,16:36:17,26.61,41.63,-0.30
,19/11/2021,16:36:36,26.63,41.93,-0.31
,19/11/2021,16:36:56,26.66,42.26,0.08
,19/11/2021,16:37:15,26.68,42.07,-0.01
,19/11/2021,16:37:34,26.66,41.94,0.56
,19/11/2021,16:37:53,26.68,41.81,-0.56
,19/11/2021,16:38:13,26.68,41.72,0.03
,19/11/2021,16:38:32,26.66,41.72,0.22
,19/11/2021,16:38:51,26.65,41.66,0.08
,19/11/2021,16:39:10,26.66,41.58,0.61
,19/11/2021,16:39:29,26.66,41.49,0.67
,19/11/2021,16:39:49,26.66,41.39,-0.06
,19/11/2021,16:40:08,26.65,41.26,0.13
,19/11/2021,16:40:27,26.65,41.18,-0.08
,19/11/2021,16:40:47,26.65,41.03,-0.05
,19/11/2021,16:41:06,26.62,40.93,0.30
,19/11/2021,16:41:25,26.61,40.89,-0.13
,19/11/2021,16:41:44,26.59,40.79,-0.32
,19/11/2021,16:42:04,26.58,40.70,0.50
,19/11/2021,16:42:23,26.57,40.58,-0.23
,19/11/2021,16:42:42,26.54,40.52,0.29
,19/11/2021,16:43:01,26.53,40.46,0.36
,19/11/2021,16:43:21,26.51,40.41,0.10
,19/11/2021,16:43:40,26.48,40.36,0.06
,19/11/2021,16:43:59,26.48,40.28,0.08
,19/11/2021,16:44:18,26.48,40.39,0.06
,19/11/2021,16:44:37,26.48,40.56,0.03
,19/11/2021,16:44:57,26.51,40.81,0.04
,19/11/2021,16:45:16,26.51,41.05,0.08
,19/11/2021,16:45:35,26.53,41.17,0.08
,19/11/2021,16:45:55,26.55,41.02,0.06
,19/11/2021,16:46:14,26.57,41.28,0.56
,19/11/2021,16:46:33,26.59,41.24,-0.57
,19/11/2021,16:46:52,26.61,41.78,0.62
,19/11/2021,16:47:12,26.63,42.27,0.02
,19/11/2021,16:47:31,26.66,42.46,0.32
,19/11/2021,16:47:50,26.69,42.51,-0.60
,19/11/2021,16:48:10,26.72,42.36,0.20
,19/11/2021,16:48:29,26.72,42.16,-0.30
,19/11/2021,16:48:48,26.70,42.04,0.14
,19/11/2021,16:49:07,26.70,41.97,0.47
,19/11/2021,16:49:26,26.70,41.86,-0.10
,19/11/2021,16:49:46,26.69,41.76,-0.30
,19/11/2021,16:50:05,26.68,41.64,-0.04
,19/11/2021,16:50:24,26.66,41.51,0.42
,19/11/2021,16:50:44,26.65,41.39,0.30
,19/11/2021,16:51:03,26.63,41.25,-0.01
,19/11/2021,16:51:22,26.63,41.19,-0.15
,19/11/2021,16:51:41,26.63,41.16,0.07
,19/11/2021,16:52:01,26.63,41.08,0.09
,19/11/2021,16:52:20,26.62,40.91,0.22
,19/11/2021,16:52:39,26.61,40.78,-0.52
,19/11/2021,16:52:58,26.59,40.79,-0.26
,19/11/2021,16:53:18,26.61,40.63,-0.07
,19/11/2021,16:53:36,26.61,40.50,-0.25
,19/11/2021,16:53:56,26.61,40.44,0.12
,19/11/2021,16:54:15,26.58,40.28,-0.01
,19/11/2021,16:54:34,26.55,40.18,-0.56
,19/11/2021,16:54:54,26.50,40.13,-0.14
,19/11/2021,16:55:14,26.48,40.06,-0.17
,19/11/2021,16:55:32,26.44,39.95,-0.42
,19/11/2021,16:55:52,26.43,39.85,-0.03
,19/11/2021,16:56:11,26.42,39.79,-0.01
,19/11/2021,16:56:30,26.40,39.74,0.05
,19/11/2021,16:56:49,26.38,39.67,0.04
,19/11/2021,16:57:08,26.38,39.71,0.05
,19/11/2021,16:57:28,26.38,39.92,0.03
,19/11/2021,16:57:47,26.38,40.31,0.06
,19/11/2021,16:58:06,26.38,40.53,0.07
,19/11/2021,16:58:25,26.40,40.39,0.07
,19/11/2021,16:58:45,26.42,40.39,0.05
,19/11/2021,16:59:04,26.43,40.51,0.06
,19/11/2021,16:59:23,26.46,40.95,0.31
,19/11/2021,16:59:42,26.48,41.60,-0.03
,19/11/2021,17:00:02,26.50,41.98,0.49
,19/11/2021,17:00:21,26.53,42.12,0.10
,19/11/2021,17:00:40,26.53,42.23,-0.15
,19/11/2021,17:01:00,26.53,42.06,0.02
,19/11/2021,17:01:20,26.51,41.96,0.01
,19/11/2021,17:01:38,26.50,41.83,-0.33
,19/11/2021,17:01:57,26.48,41.75,0.80
,19/11/2021,17:02:16,26.47,41.65,-0.21
,19/11/2021,17:02:36,26.46,41.61,0.50
,19/11/2021,17:02:55,26.44,41.67,0.72
,19/11/2021,17:03:14,26.42,41.72,0.53
,19/11/2021,17:03:33,26.42,41.77,0.01
,19/11/2021,17:03:53,26.40,41.79,0.45
,19/11/2021,17:04:12,26.42,41.83,0.24
,19/11/2021,17:04:31,26.42,41.64,-0.08
,19/11/2021,17:04:51,26.40,41.47,0.49
,19/11/2021,17:05:10,26.40,41.37,0.04
,19/11/2021,17:05:29,26.40,41.30,-0.07
,19/11/2021,17:05:49,26.40,41.13,0.47
,19/11/2021,17:06:07,26.39,41.00,0.87
,19/11/2021,17:06:28,26.38,40.93,0.03
,19/11/2021,17:06:46,26.39,40.88,-0.26
,19/11/2021,17:07:05,26.39,40.80,-0.19
,19/11/2021,17:07:27,26.40,40.79,-0.04
,19/11/2021,17:07:44,26.42,40.64,0.07
,19/11/2021,17:08:04,26.42,40.53,0.08
,19/11/2021,17:08:22,26.42,40.58,0.05
,19/11/2021,17:08:41,26.43,40.73,0.07
,19/11/2021,17:09:01,26.44,40.99,0.08
,19/11/2021,17:09:21,26.46,40.89,0.03
,19/11/2021,17:09:39,26.48,41.11,0.04
,19/11/2021,17:09:58,26.50,41.11,0.07
,19/11/2021,17:10:18,26.54,41.30,0.06
,19/11/2021,17:10:38,26.54,41.53,-0.19
,19/11/2021,17:10:56,26.57,41.83,0.47
,19/11/2021,17:11:16,26.59,42.30,-0.18
,19/11/2021,17:11:36,26.59,42.54,0.28
,19/11/2021,17:11:54,26.63,42.68,-0.14
,19/11/2021,17:12:13,26.65,42.63,-0.01
,19/11/2021,17:12:33,26.63,42.55,0.26
,19/11/2021,17:12:52,26.62,42.51,0.72
,19/11/2021,17:13:12,26.59,42.44,-0.02
,19/11/2021,17:13:31,26.58,42.39,0.01
,19/11/2021,17:13:50,26.58,42.30,0.04
,19/11/2021,17:14:09,26.58,42.18,-0.21
,19/11/2021,17:14:28,26.58,42.07,-0.01
,19/11/2021,17:14:48,26.55,41.91,0.60
,19/11/2021,17:15:07,26.55,41.89,0.23
,19/11/2021,17:15:26,26.53,41.71,0.35
,19/11/2021,17:15:45,26.51,41.62,-0.44
,19/11/2021,17:16:04,26.48,41.55,-0.46
,19/11/2021,17:16:24,26.48,41.49,0.33
,19/11/2021,17:16:43,26.46,41.38,-0.45
,19/11/2021,17:17:02,26.44,41.28,1.03
,19/11/2021,17:17:22,26.46,41.19,-0.12
,19/11/2021,17:17:41,26.42,41.13,0.44
,19/11/2021,17:18:00,26.42,41.09,0.04
,19/11/2021,17:18:20,26.40,41.07,-0.47
,19/11/2021,17:18:38,26.38,40.95,0.32
,19/11/2021,17:18:58,26.38,40.82,0.12
,19/11/2021,17:19:17,26.36,40.69,0.04
,19/11/2021,17:19:37,26.35,40.56,0.06
,19/11/2021,17:19:55,26.35,40.49,0.08
,19/11/2021,17:20:16,26.35,40.70,0.07
,19/11/2021,17:20:35,26.38,40.91,0.06
,19/11/2021,17:20:53,26.38,41.08,0.07
,19/11/2021,17:21:13,26.39,41.17,0.05
,19/11/2021,17:21:32,26.40,41.14,0.05
,19/11/2021,17:21:52,26.42,41.16,0.07
,19/11/2021,17:22:11,-40.00,0.00,-0.15
,19/11/2021,17:22:30,-40.00,0.00,0.10
,19/11/2021,17:22:49,-40.00,0.00,0.52
,19/11/2021,17:23:09,-40.00,0.00,0.13
,19/11/2021,17:23:28,-40.00,0.00,0.01
,19/11/2021,17:23:47,-40.00,0.00,0.38
,19/11/2021,17:24:06,-40.00,0.00,0.15
,19/11/2021,17:24:26,-40.00,0.00,-0.45
,19/11/2021,17:24:45,-40.00,0.00,0.54
,19/11/2021,17:25:04,-40.00,0.00,-0.18
,19/11/2021,17:25:24,-40.00,0.00,0.55
,19/11/2021,17:25:43,-40.00,0.00,0.18
,19/11/2021,17:26:04,-40.00,0.00,0.32
,19/11/2021,17:26:21,-40.00,0.00,0.07
,19/11/2021,17:26:40,-40.00,0.00,0.24
,19/11/2021,17:27:00,-40.00,0.00,0.33
,19/11/2021,17:27:20,-40.00,0.00,0.35
,19/11/2021,17:27:38,-40.00,0.00,0.00
,19/11/2021,17:27:57,-40.00,0.00,-0.30
,19/11/2021,17:28:17,-40.00,0.00,-0.08
,19/11/2021,17:28:37,-40.00,0.00,-0.18
,19/11/2021,17:28:56,-40.00,0.00,0.56
,19/11/2021,17:29:15,-40.00,0.00,-0.23
,19/11/2021,17:29:34,-40.00,0.00,0.06
,19/11/2021,17:29:54,-40.00,0.00,0.06
,19/11/2021,17:30:13,-40.00,0.00,0.06
,19/11/2021,17:30:33,-40.00,0.00,0.04
,19/11/2021,17:30:52,-40.00,0.00,0.07
,19/11/2021,17:31:11,-40.00,0.00,0.09
,19/11/2021,17:31:31,-40.00,0.00,0.04
,19/11/2021,17:31:49,-40.00,0.00,0.07
,19/11/2021,17:32:09,-40.00,0.00,0.05
,19/11/2021,17:32:28,-40.00,0.00,0.32
,19/11/2021,17:32:47,-40.00,0.00,-0.51
,19/11/2021,17:33:06,-40.00,0.00,0.34
,19/11/2021,17:33:25,-40.00,0.00,-0.14
,19/11/2021,17:33:45,-40.00,0.00,-0.21
,19/11/2021,17:34:04,-40.00,0.00,-0.32
,19/11/2021,17:34:24,-40.00,0.00,0.09
,19/11/2021,17:34:43,-40.00,0.00,0.58
,19/11/2021,17:35:02,-40.00,0.00,-0.05
,19/11/2021,17:35:21,-40.00,0.00,0.04
,19/11/2021,17:35:41,-40.00,0.00,0.36
,19/11/2021,17:36:00,-40.00,0.00,0.25
,19/11/2021,17:36:19,-40.00,0.00,0.29
,19/11/2021,18:49:44,28.19,57.14,0.05
,19/11/2021,18:50:00,28.21,57.93,0.06
,19/11/2021,18:50:19,28.21,59.22,0.07
,19/11/2021,18:50:38,28.22,59.62,0.05
,19/11/2021,18:50:57,28.22,59.34,0.09
,19/11/2021,18:51:17,28.22,59.32,0.51
,19/11/2021,18:51:36,28.24,60.31,-0.05
,19/11/2021,18:51:56,28.24,60.63,0.44
,19/11/2021,18:52:18,28.22,60.39,0.24
,19/11/2021,18:52:35,28.22,60.59,0.20
,19/11/2021,18:52:53,28.21,60.82,0.32
,19/11/2021,18:53:13,28.19,60.89,-0.03
,19/11/2021,18:53:32,28.18,60.78,-0.76
,19/11/2021,18:53:52,28.17,60.59,-0.12
,19/11/2021,18:54:11,28.14,60.39,0.19
,19/11/2021,18:54:31,28.10,59.87,0.56
,19/11/2021,18:54:50,28.09,59.60,0.03
,19/11/2021,18:55:09,28.03,59.25,-0.42
,19/11/2021,18:55:28,28.00,58.83,0.05
,19/11/2021,18:55:47,27.98,58.64,0.18
,19/11/2021,18:56:07,27.95,58.30,0.06
,19/11/2021,18:56:26,27.92,57.86,0.17
,19/11/2021,18:56:45,27.88,57.57,0.48
,19/11/2021,18:57:05,27.85,57.21,0.13
,19/11/2021,18:57:24,27.81,56.98,0.41
,19/11/2021,18:57:43,27.80,56.76,0.13
,19/11/2021,18:58:03,27.77,56.41,-0.30
,19/11/2021,18:58:22,27.76,56.17,0.40
,19/11/2021,18:58:41,27.75,55.86,-0.12
,19/11/2021,18:59:00,27.72,55.57,0.03
,19/11/2021,18:59:20,27.69,55.38,-0.12
,19/11/2021,18:59:40,27.68,55.18,-0.35
,19/11/2021,18:59:59,27.65,54.85,0.05
,19/11/2021,19:00:17,27.62,54.55,0.52
,19/11/2021,19:00:37,27.61,54.37,0.13
,19/11/2021,19:00:56,27.58,53.91,-0.04
,19/11/2021,19:01:15,27.55,53.56,0.07
,19/11/2021,19:01:35,27.55,53.39,-0.26
,19/11/2021,19:01:54,27.52,53.17,-0.30
,19/11/2021,19:02:13,27.49,52.80,0.00
,19/11/2021,19:02:33,27.48,52.56,0.32
,19/11/2021,19:02:52,27.44,52.33,0.36
,19/11/2021,19:03:11,27.44,52.15,0.25
,19/11/2021,19:03:31,27.44,51.89,0.16
,19/11/2021,19:03:50,27.41,51.62,0.71
,19/11/2021,19:04:09,27.41,51.42,0.05
,19/11/2021,19:04:28,27.41,51.17,-0.35
,19/11/2021,19:04:48,27.40,50.98,0.31
,19/11/2021,19:05:08,27.37,50.67,0.59
,19/11/2021,19:05:26,27.34,50.34,-0.11
,19/11/2021,19:05:46,27.33,50.14,0.02
,19/11/2021,19:06:05,27.31,49.92,-0.02
,19/11/2021,19:06:24,27.30,49.70,0.22
,19/11/2021,19:06:43,27.29,49.59,0.05
,19/11/2021,19:07:02,27.29,49.37,-0.61
,19/11/2021,19:07:22,27.27,49.14,-0.05
,19/11/2021,19:07:41,27.26,48.94,-0.11
,19/11/2021,19:08:01,27.26,48.61,-0.33
,19/11/2021,19:08:20,27.25,48.44,0.81
,19/11/2021,19:08:39,27.23,48.32,-0.40
,19/11/2021,19:08:58,27.23,48.04,0.19
,19/11/2021,19:09:18,27.22,47.83,-0.02
,19/11/2021,19:09:37,27.19,47.66,0.02
,19/11/2021,19:09:56,27.19,47.47,-0.08
,19/11/2021,19:10:16,27.18,47.33,0.18
,19/11/2021,19:10:35,27.15,47.11,0.35
,19/11/2021,19:10:54,27.14,46.89,0.33
,19/11/2021,19:11:13,27.12,46.70,0.44
,19/11/2021,19:11:33,27.11,46.61,0.34
,19/11/2021,19:11:52,27.11,46.42,-0.18
,19/11/2021,19:12:12,27.10,46.26,0.51
,19/11/2021,19:12:30,27.08,46.09,0.17
,19/11/2021,19:12:50,27.08,45.87,0.31
,19/11/2021,19:13:09,27.07,45.70,0.04
,19/11/2021,19:13:28,27.06,45.59,0.18
,19/11/2021,19:13:48,27.06,45.40,0.16
,19/11/2021,19:14:07,27.03,45.17,0.26
,19/11/2021,19:14:26,27.02,44.98,-0.20
,19/11/2021,19:14:46,27.02,44.85,0.24
,19/11/2021,19:15:05,27.00,44.72,-0.05
,19/11/2021,19:15:25,27.00,44.61,0.23
,19/11/2021,19:15:44,27.00,44.35,0.56
,19/11/2021,19:16:03,26.97,44.24,-0.23
,19/11/2021,19:16:22,26.97,44.13,0.35
,19/11/2021,19:16:41,26.96,43.95,0.14
,19/11/2021,19:17:00,26.96,43.71,-0.21
,19/11/2021,19:17:20,26.93,43.44,0.06
,19/11/2021,19:17:39,26.92,43.38,-0.34
,19/11/2021,19:17:58,26.91,43.21,0.02
,19/11/2021,19:18:18,26.89,43.07,0.18
,19/11/2021,19:18:37,26.88,42.94,-0.35
,19/11/2021,19:18:56,26.87,42.89,0.39
,19/11/2021,19:19:16,26.87,42.79,0.22
,19/11/2021,19:19:35,26.87,42.65,-0.58
,19/11/2021,19:19:54,26.85,42.50,-0.04
,19/11/2021,19:20:13,26.82,42.32,-0.11
,19/11/2021,19:20:33,26.82,42.16,-0.39
,19/11/2021,19:20:52,26.81,42.08,-0.56
,19/11/2021,19:21:12,26.80,42.00,-0.11
,19/11/2021,19:21:31,26.78,41.93,0.14
,19/11/2021,19:21:50,26.77,41.83,0.02
,19/11/2021,19:22:09,26.76,41.72,0.08
,19/11/2021,19:22:29,26.77,41.66,0.07
,19/11/2021,19:22:48,26.74,41.94,0.07
,19/11/2021,19:23:07,26.74,42.05,0.05
,19/11/2021,19:23:27,26.74,41.94,0.06
,19/11/2021,19:23:46,26.77,42.05,0.05
,19/11/2021,19:24:05,26.77,42.84,0.07
,19/11/2021,19:24:24,26.78,42.74,0.07
,19/11/2021,19:24:44,26.80,42.44,0.06
,19/11/2021,19:25:03,26.82,43.57,0.03
,19/11/2021,19:25:22,26.84,44.65,0.08
,19/11/2021,19:25:42,26.82,45.00,0.08
,19/11/2021,19:26:01,26.82,45.04,0.07
,19/11/2021,19:26:20,26.84,45.25,0.09
,19/11/2021,19:26:40,26.84,45.51,0.08
,19/11/2021,19:26:59,26.84,45.70,0.05
,19/11/2021,19:27:18,26.85,45.77,0.07
,19/11/2021,19:27:37,26.85,45.75,0.05
,19/11/2021,19:27:57,26.88,45.61,0.06
,19/11/2021,19:28:16,26.89,45.91,0.07
,19/11/2021,19:28:35,26.92,46.11,0.06
,19/11/2021,19:28:54,26.93,46.22,0.05
,19/11/2021,19:29:13,26.99,46.34,0.07
,19/11/2021,19:29:33,27.02,46.43,0.06
,19/11/2021,19:29:52,27.03,46.46,0.06
,19/11/2021,19:30:11,27.04,45.45,0.08
,19/11/2021,19:30:31,27.07,44.40,0.07
,19/11/2021,19:30:51,27.11,44.79,0.08
,19/11/2021,19:31:09,27.14,43.96,0.06
,19/11/2021,19:31:28,27.16,45.32,0.05
,19/11/2021,19:31:48,27.19,45.28,0.02
,19/11/2021,19:32:07,27.21,46.18,0.08
,19/11/2021,19:32:27,27.22,46.98,0.07
,19/11/2021,19:32:46,27.26,47.11,0.06
,19/11/2021,19:33:05,27.27,47.04,0.08
,19/11/2021,19:33:25,27.29,47.21,0.05
,19/11/2021,19:33:44,27.30,46.83,0.07
,19/11/2021,19:34:03,27.33,46.67,0.06
,19/11/2021,19:34:22,27.34,47.06,0.05
,19/11/2021,19:34:42,27.35,47.04,0.06
,19/11/2021,19:35:01,27.37,46.78,0.06
,19/11/2021,19:35:20,27.40,46.32,0.08
,19/11/2021,19:35:39,27.40,46.32,0.06
,19/11/2021,19:35:59,27.42,46.19,0.08
,19/11/2021,19:36:19,27.44,47.06,0.05
,19/11/2021,19:36:38,27.45,45.86,0.08
,19/11/2021,19:36:57,27.46,46.61,0.05
,19/11/2021,19:37:16,27.49,47.35,0.07
,19/11/2021,19:37:35,27.50,48.27,0.07
,19/11/2021,19:37:54,27.52,47.34,0.07
,19/11/2021,19:38:14,27.53,48.43,0.08
,19/11/2021,19:38:33,27.55,47.77,0.08
,19/11/2021,19:38:52,27.57,47.11,0.08
,19/11/2021,19:39:11,27.58,45.73,0.07
,19/11/2021,19:39:31,27.60,47.05,0.05
,19/11/2021,19:39:50,27.61,47.45,0.08
,19/11/2021,19:40:09,27.61,47.23,0.07
,19/11/2021,19:40:28,27.62,46.98,0.06
,19/11/2021,19:40:47,27.65,47.18,0.07
,19/11/2021,19:41:07,27.65,47.67,0.04
,19/11/2021,19:41:26,27.66,46.62,0.06
,19/11/2021,19:41:45,27.66,46.94,0.05
,19/11/2021,19:42:05,27.68,46.99,0.08
,19/11/2021,19:42:24,27.68,47.03,0.03
,19/11/2021,19:42:44,27.69,46.59,0.06
,19/11/2021,19:43:03,27.72,47.36,0.06
,19/11/2021,19:43:22,27.70,46.29,0.08
,19/11/2021,19:43:41,27.73,45.55,0.06
,19/11/2021,19:44:00,27.75,45.73,0.07
,19/11/2021,19:44:20,27.75,46.30,0.07
,19/11/2021,19:44:39,27.75,46.45,0.07
,19/11/2021,19:44:59,27.76,46.45,0.04
,19/11/2021,19:45:18,27.76,46.30,0.07
,19/11/2021,19:45:37,27.79,46.20,0.06
,19/11/2021,19:45:56,27.79,46.06,0.04
,19/11/2021,19:46:16,27.80,45.91,0.07
,19/11/2021,19:46:35,27.80,45.76,0.08
,19/11/2021,19:46:54,27.81,45.68,0.08
,19/11/2021,19:47:14,27.81,45.62,0.07
,19/11/2021,19:47:32,27.83,45.85,0.06
,19/11/2021,19:47:52,27.83,45.83,0.05
,19/11/2021,19:48:11,27.84,45.68,0.09
,19/11/2021,19:48:30,27.85,45.67,0.07
,19/11/2021,19:48:50,27.84,45.59,0.08
,19/11/2021,19:49:09,27.85,45.67,0.05
,19/11/2021,19:49:30,27.85,45.67,0.09
,19/11/2021,19:49:48,27.87,45.76,0.05
,19/11/2021,19:50:07,27.87,45.76,0.07
,19/11/2021,19:50:26,27.87,45.80,0.06
,19/11/2021,19:50:46,27.87,45.94,0.05
,19/11/2021,19:51:05,27.88,45.99,0.07
,19/11/2021,19:51:27,27.88,46.01,0.07
,19/11/2021,19:51:43,27.88,46.01,0.07
,19/11/2021,19:52:03,27.88,46.06,0.07
,19/11/2021,19:52:22,27.90,46.09,0.06
,19/11/2021,19:52:41,27.90,46.09,0.06
,19/11/2021,19:53:00,27.91,46.11,0.05
,19/11/2021,19:53:19,27.91,46.17,0.06
,19/11/2021,19:53:39,27.91,46.19,0.07
,19/11/2021,19:53:58,27.92,46.22,0.05
,19/11/2021,19:54:17,27.92,46.28,0.06
,19/11/2021,19:54:37,27.94,46.36,0.08
,19/11/2021,19:54:57,27.94,46.38,0.07
,19/11/2021,19:55:16,27.94,46.34,0.09
,19/11/2021,19:55:35,27.95,46.34,0.08
,19/11/2021,19:55:54,27.95,46.40,0.06
,19/11/2021,19:56:13,27.96,46.44,0.06
,19/11/2021,19:56:33,27.96,46.48,0.05
,19/11/2021,19:56:52,27.96,46.55,0.05
,19/11/2021,19:57:11,27.98,46.64,0.07
,19/11/2021,19:57:30,27.98,46.75,0.07
,19/11/2021,19:57:49,27.98,46.71,0.07
,19/11/2021,19:58:09,27.99,46.80,0.04
,19/11/2021,19:58:28,27.99,46.80,0.06
,19/11/2021,19:58:48,27.99,46.83,0.06
,19/11/2021,19:59:07,28.00,46.86,0.08
,19/11/2021,19:59:26,28.02,46.97,0.09
,19/11/2021,19:59:47,28.02,46.98,0.06
,19/11/2021,20:00:05,28.02,46.98,0.09
,19/11/2021,20:00:24,28.02,47.08,0.05
,19/11/2021,20:00:43,28.02,47.06,0.08
,19/11/2021,20:01:03,28.03,47.13,0.07
,19/11/2021,20:01:22,28.02,47.11,0.08
,19/11/2021,20:01:42,28.03,47.21,0.06
,19/11/2021,20:02:00,28.03,47.30,0.06
,19/11/2021,20:02:20,28.03,47.34,0.07
,19/11/2021,20:02:39,28.04,47.39,0.07
,19/11/2021,20:02:58,28.04,47.45,0.05
,19/11/2021,20:03:17,28.04,47.47,0.06
,19/11/2021,20:03:37,28.04,47.51,0.06
,19/11/2021,20:03:56,28.06,47.52,0.04
,19/11/2021,20:04:15,28.06,47.57,0.07
,19/11/2021,20:04:35,28.06,47.63,0.05
,19/11/2021,20:04:54,28.07,47.65,0.07
,19/11/2021,20:05:13,28.07,47.72,0.07
,19/11/2021,20:05:32,28.07,47.74,0.05
,19/11/2021,20:05:52,28.07,47.76,0.08
,19/11/2021,20:06:11,28.07,47.89,0.07
,19/11/2021,20:06:31,28.07,47.89,0.05
,19/11/2021,20:06:50,28.09,47.88,0.09
,19/11/2021,20:07:09,28.07,47.91,0.05
,19/11/2021,20:07:28,28.10,48.03,0.06
,19/11/2021,20:07:48,28.09,48.02,0.09
,19/11/2021,20:08:06,28.10,48.03,0.07
,19/11/2021,20:08:48,28.10,48.09,0.07
,19/11/2021,20:09:04,28.10,48.07,0.07
,19/11/2021,20:09:24,28.11,48.14,0.05
,19/11/2021,20:09:43,28.11,48.16,0.08
,19/11/2021,20:10:02,28.11,48.24,0.05
,19/11/2021,20:12:21,28.14,48.53,0.05
,19/11/2021,20:12:36,28.14,48.55,0.09
,19/11/2021,20:12:56,28.15,48.57,0.05
,19/11/2021,20:13:15,28.14,48.58,0.06
,19/11/2021,20:13:34,28.15,48.65,0.07
,19/11/2021,20:13:53,28.15,48.70,0.06
,19/11/2021,20:14:13,28.17,48.74,0.09
,19/11/2021,20:14:32,28.17,48.75,0.07
,19/11/2021,20:14:52,28.17,48.81,0.07
,19/11/2021,20:15:11,28.17,48.83,0.07
,19/11/2021,20:15:30,28.17,48.85,0.05
,19/11/2021,20:15:49,28.17,48.89,0.04
,19/11/2021,20:16:09,28.17,48.98,0.06
,19/11/2021,20:16:29,28.18,49.05,0.08
,19/11/2021,20:16:48,28.18,49.05,0.06
,19/11/2021,20:17:06,28.18,49.12,0.07
,19/11/2021,20:17:28,28.18,49.16,0.06
,19/11/2021,20:17:46,28.18,49.21,0.05
,19/11/2021,20:18:05,28.19,49.18,0.05
,19/11/2021,20:18:23,28.18,49.19,0.11
,19/11/2021,20:18:43,28.19,49.26,0.07
,19/11/2021,20:19:02,28.19,49.26,0.09
,19/11/2021,20:19:22,28.21,49.27,0.03
,19/11/2021,20:19:41,28.21,49.35,0.06
,19/11/2021,20:20:01,28.21,49.37,0.07
,19/11/2021,20:20:20,28.19,49.46,0.09
,19/11/2021,20:20:39,28.21,49.50,0.06
,19/11/2021,20:20:59,28.22,49.52,0.08
,19/11/2021,20:21:17,28.22,49.56,0.05
,19/11/2021,20:21:37,28.22,49.62,0.05
,19/11/2021,20:21:56,28.22,49.66,0.08
,19/11/2021,20:22:15,28.22,49.66,0.07
,19/11/2021,20:22:35,28.22,49.69,0.05
,19/11/2021,20:22:54,28.24,49.75,0.09
,19/11/2021,20:23:13,28.24,49.77,0.06
,19/11/2021,20:23:32,28.25,49.80,0.08
,19/11/2021,20:23:52,28.24,49.80,0.08
,19/11/2021,20:24:11,28.24,49.86,0.06
,19/11/2021,20:24:30,28.24,49.90,0.05
,19/11/2021,20:24:49,28.25,49.99,0.09
,19/11/2021,20:25:09,28.25,50.02,0.08
,19/11/2021,20:25:28,28.26,50.11,0.07
,19/11/2021,20:25:47,28.26,50.11,0.08
,19/11/2021,20:26:07,28.26,50.22,0.04
,19/11/2021,20:26:26,28.26,50.18,0.08
,19/11/2021,20:26:45,28.26,50.18,0.06
,19/11/2021,20:27:05,28.26,50.24,0.09
,19/11/2021,20:27:24,28.26,50.32,0.07
,19/11/2021,20:27:44,28.28,50.30,0.06
,19/11/2021,20:28:02,28.28,50.34,0.08
,19/11/2021,20:28:22,28.28,50.39,0.04
,19/11/2021,20:28:41,28.28,50.43,0.08
,19/11/2021,20:29:00,28.28,50.48,0.07
,19/11/2021,20:29:20,28.28,50.48,0.11
,19/11/2021,20:29:39,28.30,50.55,0.11
,19/11/2021,20:30:00,28.29,50.62,0.07
,19/11/2021,20:30:17,28.29,50.56,0.07
,19/11/2021,20:30:37,28.29,50.63,0.07
,19/11/2021,20:30:56,28.29,50.74,0.07
,19/11/2021,20:31:15,28.29,50.77,0.06
,19/11/2021,20:31:34,28.29,50.81,0.09
,19/11/2021,20:31:54,28.30,50.81,0.08
,19/11/2021,20:32:13,28.30,50.83,0.07
,19/11/2021,20:32:32,28.30,50.85,0.07
,19/11/2021,20:32:53,28.30,50.89,0.06
,19/11/2021,20:33:11,28.30,50.91,0.07
,19/11/2021,20:33:30,28.32,50.93,0.07
,19/11/2021,20:34:13,28.32,51.00,0.05
,19/11/2021,20:34:28,28.32,51.06,0.07
,19/11/2021,20:34:47,28.32,51.11,0.05
,19/11/2021,20:35:07,28.32,51.17,0.09
,19/11/2021,20:35:32,28.32,51.19,0.09
,19/11/2021,20:35:45,28.32,51.19,0.07
,19/11/2021,20:36:22,28.32,51.21,0.07
,19/11/2021,20:36:43,28.33,51.37,0.06
,19/11/2021,20:37:02,28.33,51.37,0.08
,19/11/2021,20:37:21,28.33,51.37,0.07
,19/11/2021,20:37:41,28.33,51.39,0.06
,19/11/2021,20:38:01,28.33,51.42,0.06
,19/11/2021,20:38:19,28.33,51.43,0.06
,19/11/2021,20:38:39,28.33,51.47,0.09
,19/11/2021,20:38:58,28.34,51.56,0.05
,19/11/2021,20:39:18,28.34,51.63,0.03
,19/11/2021,20:39:37,28.34,51.63,0.05
,19/11/2021,20:39:56,28.34,51.67,0.07
,19/11/2021,20:40:15,28.34,51.68,0.07
,19/11/2021,20:40:35,28.34,51.70,0.06
,19/11/2021,20:40:54,28.36,51.78,0.07
,19/11/2021,20:41:13,28.36,51.76,0.07
,19/11/2021,20:41:32,28.36,51.78,0.06
,19/11/2021,20:41:52,28.34,51.80,0.08
,19/11/2021,20:42:11,28.36,51.82,0.09
,19/11/2021,20:42:30,28.36,51.82,0.05
,19/11/2021,20:42:50,28.36,51.84,0.05
,19/11/2021,20:43:09,28.36,51.86,0.06
,19/11/2021,20:43:34,28.36,51.86,0.07
,19/11/2021,20:43:53,28.37,51.95,0.04
,19/11/2021,20:44:07,28.37,51.98,0.06
,19/11/2021,20:44:36,28.37,52.00,0.05
,19/11/2021,20:44:51,28.36,52.04,0.07
,19/11/2021,20:45:04,28.37,52.04,0.06
,19/11/2021,20:45:24,28.37,52.06,0.07
,19/11/2021,20:45:44,28.37,52.04,0.06
,19/11/2021,20:46:03,28.38,52.19,0.07
,19/11/2021,20:46:22,28.38,52.19,0.06
,19/11/2021,20:46:41,28.38,52.16,0.09
,19/11/2021,20:47:30,28.37,52.17,0.07
,19/11/2021,20:47:39,28.38,52.19,0.05
,19/11/2021,20:48:16,28.38,52.29,0.07
,19/11/2021,20:48:37,28.38,52.31,0.05
,19/11/2021,20:48:56,28.40,52.31,0.05
,19/11/2021,20:49:15,28.41,52.48,0.10
,19/11/2021,20:49:40,28.40,52.59,0.07
,19/11/2021,20:49:54,28.40,52.52,0.05
,19/11/2021,20:50:13,28.38,52.50,0.08
,19/11/2021,20:50:38,28.40,52.67,0.09
,19/11/2021,20:50:52,28.40,52.71,0.05
,19/11/2021,20:51:11,28.40,52.71,0.08
,19/11/2021,20:51:30,28.41,52.69,0.05
,19/11/2021,20:51:49,28.40,52.69,0.09
,19/11/2021,20:52:09,28.41,52.75,0.08
,19/11/2021,20:52:46,28.40,52.75,0.07
,19/11/2021,20:53:07,28.41,52.99,0.09
,19/11/2021,20:53:26,28.41,52.94,0.06
,19/11/2021,20:53:46,28.41,52.86,0.03
,19/11/2021,20:54:04,28.41,52.86,0.08
,19/11/2021,20:54:24,28.41,52.86,0.03
,19/11/2021,20:54:43,28.41,52.97,0.06
,19/11/2021,20:55:08,28.40,52.95,0.09
,19/11/2021,20:55:27,28.41,52.94,0.06
,19/11/2021,20:55:41,28.41,53.08,0.07
,19/11/2021,20:56:07,28.41,53.10,0.06
,19/11/2021,20:56:19,28.43,53.15,0.03
,19/11/2021,20:56:39,28.43,53.28,0.07
,19/11/2021,20:56:58,28.43,53.20,0.07
,19/11/2021,20:57:17,28.43,53.20,0.07
,19/11/2021,20:57:37,28.43,53.47,0.07
,19/11/2021,20:58:14,28.43,53.38,0.08
,19/11/2021,20:58:35,28.43,53.56,0.09
,19/11/2021,20:58:53,28.43,53.41,0.05
,19/11/2021,20:59:13,28.43,53.64,0.05
,19/11/2021,20:59:32,28.43,53.54,0.08
,19/11/2021,20:59:51,28.43,53.58,0.07
,19/11/2021,21:00:40,28.44,53.66,0.05
,19/11/2021,21:00:49,28.41,53.53,0.05
,19/11/2021,21:01:09,28.44,53.56,0.07
,19/11/2021,21:01:28,28.44,53.62,0.07
,19/11/2021,21:01:53,28.44,53.78,0.07
,19/11/2021,21:02:24,28.44,53.80,0.05
,19/11/2021,21:02:45,28.44,53.90,0.05
,19/11/2021,21:03:22,28.45,54.01,0.08
,19/11/2021,21:03:43,28.44,53.92,0.07
,19/11/2021,21:04:02,28.45,53.88,0.08
,19/11/2021,21:04:27,28.45,54.01,0.09
,19/11/2021,21:04:41,28.44,54.03,0.06
,19/11/2021,21:05:30,28.45,54.03,0.06
,19/11/2021,21:05:39,28.45,54.14,0.05
,19/11/2021,21:05:58,28.45,54.57,0.06
,19/11/2021,21:06:17,28.45,54.44,0.07
,19/11/2021,21:06:37,28.45,54.27,0.08
,19/11/2021,21:07:38,28.45,54.18,0.07
,19/11/2021,21:07:53,28.45,54.24,0.06
,19/11/2021,21:08:13,28.47,54.25,0.09
,19/11/2021,21:08:32,28.45,54.50,0.08
,19/11/2021,21:08:52,28.45,54.78,0.08
,19/11/2021,21:09:11,28.47,54.57,0.08
,19/11/2021,21:09:30,28.47,54.74,0.07
,19/11/2021,21:09:49,28.45,54.65,0.07
,19/11/2021,21:10:50,28.47,54.69,0.06
,19/11/2021,21:11:06,28.47,54.51,0.06
,19/11/2021,21:11:26,28.47,54.64,0.06
,19/11/2021,21:11:45,28.47,54.62,0.10
,19/11/2021,21:12:22,28.47,54.81,0.06
,19/11/2021,21:13:12,28.47,54.71,0.06
,19/11/2021,21:13:22,28.47,54.60,0.05
,19/11/2021,21:13:41,28.47,54.81,0.09
,19/11/2021,21:14:00,28.48,54.77,0.09
,19/11/2021,21:14:20,28.47,55.05,0.06
,19/11/2021,21:14:39,28.48,54.98,0.08
,19/11/2021,21:15:04,28.47,55.02,0.07
,19/11/2021,21:15:47,28.47,54.92,0.05
,19/11/2021,21:16:14,28.40,55.41,0.05
,19/11/2021,21:16:39,28.48,55.13,0.06
,19/11/2021,21:16:59,28.48,55.20,0.07
,19/11/2021,21:17:13,28.48,55.33,0.05
,19/11/2021,21:17:38,28.48,55.22,0.05
,19/11/2021,21:18:10,28.47,55.16,0.07
,19/11/2021,21:18:43,28.48,55.60,0.07
,19/11/2021,21:18:49,28.48,55.60,0.07
,19/11/2021,21:19:08,28.48,56.03,0.09
,19/11/2021,21:19:28,28.48,55.63,0.08
,19/11/2021,21:19:53,28.48,55.41,0.05
,19/11/2021,21:20:13,28.47,55.41,0.06
,19/11/2021,21:20:26,28.47,55.54,0.05
,19/11/2021,21:21:27,28.47,55.65,0.07
,19/11/2021,21:22:01,28.47,55.93,0.06
,19/11/2021,21:22:21,28.48,56.13,0.06
,19/11/2021,21:22:41,28.48,55.97,0.06
,19/11/2021,21:23:00,28.47,56.08,0.06
,19/11/2021,21:23:19,28.47,55.95,0.08
,19/11/2021,21:23:57,28.47,55.77,0.06
,19/11/2021,21:24:17,28.47,55.95,0.07
,19/11/2021,21:24:37,28.48,55.91,0.05
,19/11/2021,21:24:56,28.48,55.93,0.05
,19/11/2021,21:25:15,28.48,56.03,0.09
,19/11/2021,21:25:47,28.47,55.99,0.08
,19/11/2021,21:25:54,28.47,55.99,0.08
,19/11/2021,21:26:12,28.47,56.12,0.05
,19/11/2021,21:26:50,28.48,55.99,0.06
,19/11/2021,21:27:28,28.48,56.17,0.07
,19/11/2021,21:27:49,28.48,56.29,0.03
,19/11/2021,21:28:08,28.48,56.49,0.06
,19/11/2021,21:28:34,28.48,56.27,0.05
,19/11/2021,21:30:10,28.48,56.15,0.05
,19/11/2021,21:30:23,28.47,56.40,0.07
,19/11/2021,21:30:43,28.48,56.53,0.07
,19/11/2021,21:31:02,28.47,56.51,0.07
,19/11/2021,21:31:21,28.47,56.81,0.07
,19/11/2021,21:31:41,28.48,56.66,0.05
,19/11/2021,21:32:53,28.48,56.60,0.06
,19/11/2021,21:32:57,28.48,56.60,0.06
,19/11/2021,21:33:23,28.48,56.51,0.08
,19/11/2021,21:33:36,28.48,56.99,0.05
,19/11/2021,21:33:56,28.47,57.37,0.06
,19/11/2021,21:34:46,28.48,57.11,0.09
,19/11/2021,21:34:54,28.48,56.81,0.07
,19/11/2021,21:35:13,28.47,57.13,0.09
,19/11/2021,21:35:38,28.47,56.92,0.08
,19/11/2021,21:35:57,28.47,57.37,0.05
,19/11/2021,21:36:11,28.48,57.54,0.06
,19/11/2021,21:36:35,28.48,57.48,0.07
,19/11/2021,21:36:55,28.48,57.43,0.06
,19/11/2021,21:37:26,28.47,57.67,0.06
,19/11/2021,21:37:47,28.48,57.75,0.06
,19/11/2021,21:38:12,28.47,57.84,0.08
,19/11/2021,21:38:26,28.48,57.67,0.05
,19/11/2021,21:38:45,28.48,57.84,0.08
,19/11/2021,21:40:27,28.47,57.84,0.04
,19/11/2021,21:40:58,28.47,58.33,0.06
,19/11/2021,21:42:14,28.47,58.18,0.05
,19/11/2021,21:43:13,28.47,57.84,0.06
,19/11/2021,21:43:51,28.45,58.28,0.06
,19/11/2021,21:44:12,28.47,58.51,0.08
,19/11/2021,21:44:32,28.47,58.61,0.06
,19/11/2021,21:45:15,28.47,58.87,0.07
,19/11/2021,21:45:32,28.47,58.87,0.07
,19/11/2021,21:46:31,28.47,58.14,0.03
,19/11/2021,21:46:46,28.47,58.58,0.08
,19/11/2021,21:47:07,28.47,58.46,0.07
,19/11/2021,21:48:19,28.47,58.37,0.06
,19/11/2021,21:48:29,28.47,58.37,0.06
,19/11/2021,21:48:42,28.47,58.44,0.06
,19/11/2021,21:49:07,28.45,58.13,0.05
,19/11/2021,21:49:39,28.45,58.47,0.05
,19/11/2021,21:50:17,28.45,58.69,0.05
,19/11/2021,21:50:44,28.45,58.94,0.07
,19/11/2021,21:52:14,28.45,59.12,0.08
,19/11/2021,21:52:51,28.45,59.08,0.09
,19/11/2021,21:54:06,28.47,59.03,0.08
,19/11/2021,21:54:30,28.45,59.14,0.09
,19/11/2021,21:54:48,28.45,59.22,0.05
,19/11/2021,21:55:38,28.45,58.80,0.04
,19/11/2021,21:55:52,28.41,59.00,0.08
,19/11/2021,21:56:11,28.45,59.46,0.07
,19/11/2021,21:57:48,28.45,59.68,0.06
,19/11/2021,21:58:07,28.44,59.42,0.05
,19/11/2021,21:58:20,28.45,59.87,0.05
,19/11/2021,21:58:40,28.45,60.06,0.07
,19/11/2021,21:59:05,28.44,59.72,0.07
,19/11/2021,21:59:18,28.45,59.78,0.05
,19/11/2021,21:59:56,28.45,60.06,0.07
,19/11/2021,22:00:16,28.44,59.68,0.08
,19/11/2021,22:01:17,28.45,59.70,0.09
,19/11/2021,22:01:39,28.44,59.76,0.07
,19/11/2021,22:02:46,28.45,59.91,0.08
,19/11/2021,22:03:10,28.45,59.78,0.07
,19/11/2021,22:03:29,28.45,60.56,0.05
,19/11/2021,22:03:55,28.45,60.30,0.07
,19/11/2021,22:04:08,28.45,59.63,0.04
,19/11/2021,22:05:09,28.44,59.97,0.06
,19/11/2021,22:05:38,28.44,60.34,0.08
,19/11/2021,22:05:50,28.44,60.34,0.08
,19/11/2021,22:06:03,28.44,60.60,0.07
,19/11/2021,22:06:23,28.44,60.34,0.07
,19/11/2021,22:06:42,28.44,60.04,0.09
,19/11/2021,22:07:31,28.44,60.17,0.05
,19/11/2021,22:07:45,28.44,60.34,0.08
,19/11/2021,22:07:59,28.45,60.51,0.08
,19/11/2021,22:08:36,28.44,60.25,0.05
,19/11/2021,22:08:56,28.45,60.52,0.08
,19/11/2021,22:09:16,28.44,60.23,0.09
,19/11/2021,22:10:29,28.43,60.30,0.05
,19/11/2021,22:11:15,28.43,60.30,0.05
,19/11/2021,22:11:31,28.43,60.49,0.06
,19/11/2021,22:11:50,28.43,60.54,0.06
,19/11/2021,22:12:09,28.44,60.65,0.05
,19/11/2021,22:12:28,28.44,60.30,0.04
,19/11/2021,22:13:06,28.43,60.00,0.07
,19/11/2021,22:14:09,28.44,60.75,0.07
,19/11/2021,22:14:43,28.44,60.63,0.06
,19/11/2021,22:15:33,28.44,60.73,0.07
,19/11/2021,22:16:00,28.38,60.63,0.07
,19/11/2021,22:16:38,28.44,61.36,0.07
,19/11/2021,22:17:40,28.43,60.95,0.05
,19/11/2021,22:17:56,28.44,61.03,0.07
,19/11/2021,22:18:22,28.43,60.99,0.07
,19/11/2021,22:19:17,28.34,61.12,0.07
,19/11/2021,22:19:39,28.43,61.24,0.05
,19/11/2021,22:20:10,28.38,61.13,0.05
,19/11/2021,22:20:31,28.43,60.84,0.04
,19/11/2021,22:22:07,28.43,60.88,0.09
,19/11/2021,22:22:27,28.43,61.55,0.05
,19/11/2021,22:23:40,28.43,61.14,0.08
,19/11/2021,22:24:44,28.43,61.70,0.06
,19/11/2021,22:25:24,28.43,62.06,0.08
,19/11/2021,22:26:10,28.41,61.18,0.06
,19/11/2021,22:26:36,28.43,61.42,0.07
,19/11/2021,22:27:26,28.43,61.87,0.06
,19/11/2021,22:27:52,28.40,61.92,0.06
,19/11/2021,22:28:13,28.41,61.82,0.06
,19/11/2021,22:28:33,28.41,61.98,0.06
,19/11/2021,22:28:52,28.41,62.29,0.07
,19/11/2021,22:29:11,28.41,61.79,0.08
,19/11/2021,22:29:36,28.41,61.49,0.04
,19/11/2021,22:29:50,28.41,62.11,0.07
,19/11/2021,22:30:28,28.41,62.08,0.05
,19/11/2021,22:30:48,28.41,62.13,0.05
,19/11/2021,22:31:13,28.40,62.19,0.07
,19/11/2021,22:31:32,28.43,62.30,0.05
,19/11/2021,22:32:39,28.41,62.34,0.06
,19/11/2021,22:33:03,28.40,61.94,0.05
,19/11/2021,22:33:22,28.40,61.36,0.06
,19/11/2021,22:33:41,28.40,61.84,0.03
,19/11/2021,22:34:19,28.41,62.11,0.05
,19/11/2021,22:35:57,28.40,61.87,0.06
,19/11/2021,22:36:21,28.41,62.48,0.07
,19/11/2021,22:36:35,28.41,62.57,0.07
,19/11/2021,22:37:12,28.41,62.32,0.07
,19/11/2021,22:37:33,28.41,62.40,0.06
,19/11/2021,22:38:10,28.40,61.82,0.06
,19/11/2021,22:38:37,28.40,62.57,0.05
,19/11/2021,22:38:50,28.40,62.38,0.06
,19/11/2021,22:39:39,28.40,62.65,0.07
,19/11/2021,22:40:17,28.40,62.65,0.09
,19/11/2021,22:40:27,28.40,62.18,0.06
,19/11/2021,22:43:57,28.37,62.88,0.08
,19/11/2021,22:45:41,28.37,61.83,0.09
,19/11/2021,22:46:13,28.38,62.70,0.07
,19/11/2021,22:46:33,28.37,62.67,0.06
,19/11/2021,22:46:52,28.37,62.88,0.06
,19/11/2021,22:47:46,28.37,62.67,0.05
,19/11/2021,22:50:08,28.37,63.31,0.06
,19/11/2021,22:51:06,28.38,62.51,0.07
,19/11/2021,22:51:25,28.37,63.05,0.05
,19/11/2021,22:51:41,28.37,63.16,0.06
,19/11/2021,22:52:00,28.38,63.42,0.07
,19/11/2021,22:52:38,28.38,63.40,0.07
,19/11/2021,22:53:16,28.38,63.51,0.05
,19/11/2021,22:53:38,28.37,63.39,0.04
,19/11/2021,22:53:57,28.38,63.69,0.05
,19/11/2021,22:54:15,28.38,63.23,0.09
,19/11/2021,22:54:41,28.38,63.28,0.08
,19/11/2021,22:54:54,28.37,63.31,0.07
,19/11/2021,22:55:20,28.37,63.09,0.04
,19/11/2021,22:57:12,28.37,63.44,0.07
,19/11/2021,22:57:46,28.36,63.35,0.08
,19/11/2021,22:58:07,28.36,63.42,0.06
,19/11/2021,22:59:44,28.36,63.60,0.07
,19/11/2021,23:00:03,28.37,63.92,0.05
,19/11/2021,23:01:16,28.36,63.71,0.07
,19/11/2021,23:01:20,28.36,63.71,0.07
,19/11/2021,23:01:55,28.36,63.81,0.09
,19/11/2021,23:01:59,28.36,63.81,0.09
,19/11/2021,23:02:24,28.36,63.87,0.06
,19/11/2021,23:02:38,28.36,63.96,0.06
,19/11/2021,23:02:57,28.37,64.06,0.07
,19/11/2021,23:03:34,28.37,64.04,0.06
,19/11/2021,23:05:12,28.36,63.81,0.07
,19/11/2021,23:05:37,28.36,63.96,0.07
,19/11/2021,23:07:11,28.36,64.20,0.05
,19/11/2021,23:07:27,28.34,64.22,0.07
,19/11/2021,23:07:47,28.36,64.20,0.09
,19/11/2021,23:08:06,28.34,63.96,0.07
,19/11/2021,23:08:25,28.34,63.87,0.07
,19/11/2021,23:09:38,28.34,63.56,0.08
,19/11/2021,23:10:32,28.34,63.31,0.06
,19/11/2021,23:10:40,28.36,64.17,0.06
,19/11/2021,23:11:00,28.36,64.32,0.06
,19/11/2021,23:11:19,28.37,64.18,0.09
,19/11/2021,23:11:44,28.34,64.13,0.06
,19/11/2021,23:11:57,28.36,64.11,0.08
,19/11/2021,23:12:23,28.34,63.87,0.08
,19/11/2021,23:12:36,28.34,63.98,0.08
,19/11/2021,23:13:01,28.34,64.36,0.07
,19/11/2021,23:13:14,28.34,64.32,0.08
,19/11/2021,23:13:34,28.33,64.16,0.05
,19/11/2021,23:13:53,28.34,63.87,0.06
,19/11/2021,23:14:54,28.34,63.92,0.05
,19/11/2021,23:15:16,28.33,63.85,0.06
,19/11/2021,23:15:47,28.33,63.90,0.05
,19/11/2021,23:16:08,28.34,64.13,0.05
,19/11/2021,23:16:27,28.33,64.03,0.08
,19/11/2021,23:16:47,28.33,63.85,0.08
,19/11/2021,23:18:00,28.34,63.59,0.09
,19/11/2021,23:18:10,28.34,63.59,0.09
,19/11/2021,23:18:29,28.34,64.32,0.06
,19/11/2021,23:18:42,28.33,64.31,0.08
,19/11/2021,23:19:02,28.33,64.29,0.06
,19/11/2021,23:19:27,28.33,64.51,0.06
,19/11/2021,23:19:41,28.34,64.22,0.05
,19/11/2021,23:20:00,28.33,63.67,0.06
,19/11/2021,23:20:19,28.33,64.29,0.08
,19/11/2021,23:20:44,28.33,64.18,0.07
,19/11/2021,23:21:39,28.33,64.23,0.07
,19/11/2021,23:21:56,28.32,64.38,0.08
,19/11/2021,23:22:21,28.32,64.57,0.06
,19/11/2021,23:22:34,28.32,64.48,0.07
,19/11/2021,23:22:54,28.32,64.38,0.06
,19/11/2021,23:23:13,28.32,64.55,0.05
,19/11/2021,23:23:32,28.33,64.38,0.06
,19/11/2021,23:24:22,28.32,64.53,0.06
,19/11/2021,23:25:12,28.33,64.38,0.07
,19/11/2021,23:25:29,28.32,65.03,0.05
,19/11/2021,23:25:47,28.32,64.57,0.07
,19/11/2021,23:26:24,28.32,64.31,0.07
,19/11/2021,23:26:45,28.32,64.55,0.09
,19/11/2021,23:27:10,28.32,64.48,0.07
,19/11/2021,23:27:42,28.32,64.48,0.05
,19/11/2021,23:28:02,28.32,64.85,0.07
,19/11/2021,23:28:22,28.32,64.65,0.05
,19/11/2021,23:28:41,28.32,64.90,0.05
,19/11/2021,23:29:00,28.32,64.98,0.06
,19/11/2021,23:29:19,28.32,65.07,0.05
,19/11/2021,23:29:57,28.30,65.01,0.05
,19/11/2021,23:30:18,28.32,64.51,0.07
,19/11/2021,23:30:37,28.30,64.85,0.06
,19/11/2021,23:30:56,28.32,64.85,0.03
,19/11/2021,23:31:15,28.30,64.61,0.04
,19/11/2021,23:31:35,28.30,65.03,0.08
,19/11/2021,23:31:54,28.30,65.14,0.07
,19/11/2021,23:32:13,28.32,65.14,0.04
,19/11/2021,23:32:32,28.32,65.24,0.07
,19/11/2021,23:32:52,28.30,65.39,0.08
,19/11/2021,23:33:11,28.30,65.24,0.07
,19/11/2021,23:33:30,28.30,65.43,0.04
,19/11/2021,23:33:50,28.30,65.59,0.06
,19/11/2021,23:34:09,28.29,64.95,0.07
,19/11/2021,23:34:28,28.30,65.09,0.06
,19/11/2021,23:34:47,28.30,65.33,0.07
,19/11/2021,23:35:07,28.29,65.10,0.06
,19/11/2021,23:35:26,28.30,65.26,0.05
,19/11/2021,23:35:46,28.29,65.19,0.07
,19/11/2021,23:36:05,28.30,65.28,0.07
,19/11/2021,23:36:24,28.30,65.30,0.09
,19/11/2021,23:36:43,28.29,65.12,0.07
,19/11/2021,23:37:03,28.29,65.14,0.06
,19/11/2021,23:37:52,28.29,65.19,0.10
,19/11/2021,23:38:06,28.30,64.86,0.06
,19/11/2021,23:38:20,28.30,64.83,0.06
,19/11/2021,23:38:39,28.29,64.95,0.07
,19/11/2021,23:38:59,28.29,65.08,0.08
,19/11/2021,23:39:18,28.29,64.81,0.07
,19/11/2021,23:39:37,28.29,65.23,0.06
,19/11/2021,23:39:56,28.29,65.47,0.09
,19/11/2021,23:40:16,28.29,65.53,0.06
,19/11/2021,23:40:41,28.28,65.44,0.07
,19/11/2021,23:41:01,28.28,65.29,0.05
,19/11/2021,23:41:31,28.28,65.53,0.09
,19/11/2021,23:41:52,28.29,65.62,0.05
,19/11/2021,23:42:11,28.28,65.81,0.05
,19/11/2021,23:42:31,28.28,65.89,0.06
,19/11/2021,23:42:50,28.29,66.20,0.05
,19/11/2021,23:43:09,28.28,66.03,0.09
,19/11/2021,23:43:28,28.28,65.64,0.09
,19/11/2021,23:43:48,28.28,65.40,0.05
,19/11/2021,23:44:07,28.28,65.25,0.07
,19/11/2021,23:44:27,28.28,65.62,0.05
,19/11/2021,23:44:46,28.28,65.91,0.07
,19/11/2021,23:45:05,28.28,65.80,0.07
,19/11/2021,23:45:25,28.29,65.92,0.03
,19/11/2021,23:45:43,28.28,65.89,0.07
,19/11/2021,23:46:03,28.28,65.81,0.08
,19/11/2021,23:46:22,28.28,65.80,0.05
,19/11/2021,23:46:41,28.26,65.68,0.06
,19/11/2021,23:47:01,28.26,65.61,0.05
,19/11/2021,23:47:20,28.26,65.62,0.07
,19/11/2021,23:47:39,28.26,65.75,0.05
,19/11/2021,23:47:59,28.26,65.70,0.06
,19/11/2021,23:48:18,28.26,65.62,0.05
,19/11/2021,23:48:37,28.26,65.59,0.04
,19/11/2021,23:48:57,28.26,65.49,0.06
,19/11/2021,23:49:15,28.26,65.42,0.07
,19/11/2021,23:49:36,28.26,65.10,0.07
,19/11/2021,23:49:54,28.26,65.38,0.07
,19/11/2021,23:50:13,28.25,65.58,0.07
,19/11/2021,23:50:33,28.26,65.55,0.07
,19/11/2021,23:50:52,28.26,65.72,0.07
,19/11/2021,23:51:11,28.25,65.75,0.07
,19/11/2021,23:51:30,28.26,65.64,0.02
,19/11/2021,23:51:50,28.26,65.59,0.07
,19/11/2021,23:52:09,28.26,65.62,0.06
,19/11/2021,23:52:29,28.26,65.80,0.07
,19/11/2021,23:52:48,28.26,65.83,0.09
,19/11/2021,23:53:08,28.25,65.95,0.07
,19/11/2021,23:53:27,28.25,66.01,0.06
,19/11/2021,23:53:45,28.25,65.99,0.06
,19/11/2021,23:54:05,28.25,66.13,0.07
,19/11/2021,23:54:24,28.25,66.03,0.07
,19/11/2021,23:54:44,28.25,66.01,0.05
,19/11/2021,23:55:03,28.25,66.09,0.07
,19/11/2021,23:55:22,28.25,66.11,0.05
,19/11/2021,23:55:42,28.25,66.04,0.05
,19/11/2021,23:56:00,28.25,66.03,0.07
,19/11/2021,23:56:20,28.25,66.06,0.06
,19/11/2021,23:56:39,28.25,65.99,0.06
,19/11/2021,23:56:58,28.24,66.15,0.05
,19/11/2021,23:57:18,28.25,66.25,0.07
,19/11/2021,23:57:37,28.24,66.27,0.06
,19/11/2021,23:57:56,28.25,66.11,0.07
,19/11/2021,23:58:16,28.25,65.82,0.07
,19/11/2021,23:58:35,28.24,65.82,0.04
,19/11/2021,23:58:54,28.25,66.08,0.09
,19/11/2021,23:59:14,28.25,66.03,0.06
,19/11/2021,23:59:33,28.25,66.09,0.05
,19/11/2021,23:59:53,28.25,66.13,0.06
,20/11/2021,00:00:12,28.24,66.23,0.06
,20/11/2021,00:00:31,28.24,66.11,0.06
,20/11/2021,00:00:50,28.24,65.97,0.07
,20/11/2021,00:01:09,28.25,66.30,0.06
,20/11/2021,00:01:58,28.25,66.32,0.07
,20/11/2021,00:02:25,28.24,66.39,0.06
,20/11/2021,00:03:15,28.22,66.36,0.06
,20/11/2021,00:03:30,28.24,66.36,0.06
,20/11/2021,00:03:44,28.22,66.36,0.07
,20/11/2021,00:04:56,28.22,66.23,0.06
,20/11/2021,00:05:20,28.24,66.13,0.07
,20/11/2021,00:05:39,28.22,66.15,0.04
,20/11/2021,00:05:58,28.24,66.27,0.06
,20/11/2021,00:06:24,28.24,66.11,0.08
,20/11/2021,00:08:12,28.22,65.92,0.07
,20/11/2021,00:08:51,28.24,66.51,0.06
,20/11/2021,00:09:29,28.24,66.32,0.08
,20/11/2021,00:09:56,28.22,66.51,0.07
,20/11/2021,00:10:39,28.21,66.56,0.06
,20/11/2021,00:10:56,28.22,66.56,0.08
,20/11/2021,00:11:13,28.22,66.49,0.04
,20/11/2021,00:11:32,28.22,66.36,0.05
,20/11/2021,00:12:03,28.21,66.46,0.07
,20/11/2021,00:12:30,28.21,66.46,0.06
,20/11/2021,00:12:44,28.21,66.39,0.06
,20/11/2021,00:13:09,28.21,66.60,0.07
,20/11/2021,00:13:22,28.21,66.67,0.04
,20/11/2021,00:13:59,28.21,66.60,0.07
,20/11/2021,00:14:28,28.21,66.48,0.06
,20/11/2021,00:15:09,28.21,66.50,0.05
,20/11/2021,00:15:18,28.18,66.65,0.05
,20/11/2021,00:15:55,28.19,66.67,0.05
,20/11/2021,00:16:58,28.19,66.76,0.05
,20/11/2021,00:17:13,28.19,66.88,0.08
,20/11/2021,00:17:51,28.19,67.02,0.06
,20/11/2021,00:18:12,28.18,66.89,0.04
,20/11/2021,00:18:31,28.19,66.78,0.07
,20/11/2021,00:18:50,28.18,66.76,0.05
,20/11/2021,00:19:27,28.19,66.74,0.07
,20/11/2021,00:20:46,28.18,66.78,0.05
,20/11/2021,00:21:36,28.18,66.95,0.07
,20/11/2021,00:22:25,28.18,66.95,0.07
,20/11/2021,00:23:23,28.18,67.17,0.05
,20/11/2021,00:23:39,28.17,66.72,0.06
,20/11/2021,00:23:59,28.17,66.68,0.05
,20/11/2021,00:24:18,28.15,66.72,0.06
,20/11/2021,00:25:02,28.17,66.92,0.06
,20/11/2021,00:25:45,28.17,66.90,0.04
,20/11/2021,00:26:12,28.18,67.02,0.09
,20/11/2021,00:26:34,28.17,67.02,0.09
,20/11/2021,00:27:10,28.17,67.02,0.07
,20/11/2021,00:28:00,28.15,67.16,0.07
,20/11/2021,00:28:27,28.14,67.24,0.03
,20/11/2021,00:28:48,28.15,67.35,0.07
,20/11/2021,00:29:08,28.15,67.24,0.10
,20/11/2021,00:29:26,28.15,67.16,0.03
,20/11/2021,00:29:45,28.15,67.13,0.05
,20/11/2021,00:30:05,28.15,67.20,0.05
,20/11/2021,00:31:42,28.14,67.18,0.09
,20/11/2021,00:32:01,28.14,67.36,0.07
,20/11/2021,00:32:20,28.14,67.14,0.07
,20/11/2021,00:32:39,28.14,67.05,0.05
,20/11/2021,00:33:28,28.14,67.03,0.06
,20/11/2021,00:33:55,28.14,67.33,0.06
,20/11/2021,00:34:16,28.15,67.36,0.07
,20/11/2021,00:34:35,28.14,67.36,0.08
,20/11/2021,00:34:54,28.14,67.25,0.06
,20/11/2021,00:35:13,28.14,67.29,0.09
,20/11/2021,00:35:33,28.14,67.35,0.03
,20/11/2021,00:35:52,28.13,67.32,0.05
,20/11/2021,00:36:13,28.14,67.24,0.04
,20/11/2021,00:36:31,28.14,67.29,0.05
,20/11/2021,00:36:51,28.14,67.36,0.04
,20/11/2021,00:37:10,28.15,67.40,0.05
,20/11/2021,00:37:29,28.14,67.40,0.04
,20/11/2021,00:37:48,28.14,67.33,0.06
,20/11/2021,00:38:07,28.14,67.25,0.07
,20/11/2021,00:38:27,28.13,67.22,0.05
,20/11/2021,00:38:46,28.14,67.24,0.05
,20/11/2021,00:39:05,28.13,67.36,0.05
,20/11/2021,00:39:25,28.14,67.42,0.05
,20/11/2021,00:39:44,28.14,67.44,0.09
,20/11/2021,00:40:03,28.13,67.26,0.02
,20/11/2021,00:40:23,28.14,67.36,0.07
,20/11/2021,00:40:41,28.14,67.36,0.04
,20/11/2021,00:41:02,28.13,67.40,0.08
,20/11/2021,00:41:20,28.13,67.30,0.07
,20/11/2021,00:41:39,28.14,67.29,0.08
,20/11/2021,00:41:59,28.13,67.28,0.06
,20/11/2021,00:42:18,28.14,67.33,0.07
,20/11/2021,00:42:37,28.13,67.28,0.05
,20/11/2021,00:42:57,28.13,67.34,0.07
,20/11/2021,00:43:16,28.13,67.49,0.08
,20/11/2021,00:43:35,28.13,67.49,0.06
,20/11/2021,00:43:54,28.13,67.45,0.07
,20/11/2021,00:44:13,28.13,67.49,0.09
,20/11/2021,00:44:33,28.13,67.54,0.05
,20/11/2021,00:44:52,28.13,67.60,0.04
,20/11/2021,00:45:12,28.13,67.50,0.06
,20/11/2021,00:45:30,28.11,67.50,0.06
,20/11/2021,00:45:50,28.11,67.52,0.06
,20/11/2021,00:46:09,28.13,67.66,0.07
,20/11/2021,00:46:28,28.11,67.68,0.04
,20/11/2021,00:46:48,28.11,67.64,0.07
,20/11/2021,00:47:07,28.11,67.60,0.05
,20/11/2021,00:47:26,28.11,67.60,0.05
,20/11/2021,00:47:45,28.11,67.62,0.03
,20/11/2021,00:48:05,28.11,67.73,0.06
,20/11/2021,00:48:24,28.11,67.68,0.06
,20/11/2021,00:48:43,28.11,67.73,0.08
,20/11/2021,00:49:03,28.11,67.77,0.07
,20/11/2021,00:49:22,28.11,67.79,0.03
,20/11/2021,00:49:41,28.11,67.73,0.05
,20/11/2021,00:50:02,28.11,67.64,0.04
,20/11/2021,00:50:20,28.10,67.57,0.06
,20/11/2021,00:50:39,28.10,67.58,0.07
,20/11/2021,00:50:58,28.11,67.73,0.06
,20/11/2021,00:51:18,28.11,67.73,0.05
,20/11/2021,00:51:37,28.10,67.73,0.05
,20/11/2021,00:51:56,28.10,67.75,0.04
,20/11/2021,00:52:16,28.11,67.77,0.05
,20/11/2021,00:52:35,28.10,67.85,0.04
,20/11/2021,00:52:54,28.09,67.99,0.08
,20/11/2021,00:53:13,28.10,67.85,0.07
,20/11/2021,00:53:33,28.10,67.85,0.05
,20/11/2021,00:53:54,28.09,67.83,0.05
,20/11/2021,00:54:11,28.10,67.90,0.03
,20/11/2021,00:54:30,28.10,67.80,0.08
,20/11/2021,00:54:50,28.10,68.01,0.05
,20/11/2021,00:55:09,28.10,68.05,0.07
,20/11/2021,00:55:28,28.10,67.94,0.07
,20/11/2021,00:55:47,28.09,67.89,0.05
,20/11/2021,00:56:07,28.10,67.99,0.07
,20/11/2021,00:56:26,28.10,67.99,0.05
,20/11/2021,00:56:45,28.09,67.97,0.06
,20/11/2021,00:57:05,28.09,67.80,0.04
,20/11/2021,00:57:24,28.10,67.88,0.08
,20/11/2021,00:57:44,28.10,67.96,0.06
,20/11/2021,00:58:02,28.10,68.01,0.06
,20/11/2021,00:58:22,28.09,67.95,0.07
,20/11/2021,00:58:41,28.10,67.88,0.07
,20/11/2021,00:59:00,28.09,68.06,0.07
,20/11/2021,00:59:20,28.09,68.02,0.05
,20/11/2021,00:59:39,28.10,68.03,0.06
,20/11/2021,00:59:58,28.09,68.01,0.04
,20/11/2021,01:00:18,28.09,68.12,0.05
,20/11/2021,01:00:37,28.09,68.28,0.06
,20/11/2021,01:00:56,28.09,68.23,0.07
,20/11/2021,01:01:15,28.09,68.23,0.07
,20/11/2021,01:01:34,28.09,68.17,0.06
,20/11/2021,01:01:54,28.09,68.18,0.05
,20/11/2021,01:02:13,28.09,68.18,0.03
,20/11/2021,01:02:33,28.07,68.21,0.07
,20/11/2021,01:02:52,28.09,68.26,0.08
,20/11/2021,01:03:11,28.07,68.37,0.05
,20/11/2021,01:03:30,28.07,68.39,0.06
,20/11/2021,01:03:49,28.07,68.33,0.05
,20/11/2021,01:04:09,28.06,68.26,0.07
,20/11/2021,01:04:28,28.07,68.18,0.07
,20/11/2021,01:04:47,28.07,68.13,0.05
,20/11/2021,01:05:06,28.06,68.12,0.06
,20/11/2021,01:05:26,28.07,68.13,0.06
,20/11/2021,01:05:45,28.06,68.15,0.08
,20/11/2021,01:06:04,28.06,68.06,0.04
,20/11/2021,01:06:24,28.06,68.04,0.04
,20/11/2021,01:06:43,28.04,67.97,0.07
,20/11/2021,01:07:02,28.06,67.99,0.04
,20/11/2021,01:07:22,28.06,67.97,0.06
,20/11/2021,01:07:41,28.06,68.13,0.06
,20/11/2021,01:08:00,28.06,68.13,0.07
,20/11/2021,01:08:20,28.06,68.12,0.08
,20/11/2021,01:08:39,28.06,68.10,0.03
,20/11/2021,01:08:58,28.06,68.24,0.03
,20/11/2021,01:09:17,28.06,68.15,0.05
,20/11/2021,01:09:36,28.06,68.12,0.07
,20/11/2021,01:09:56,28.06,68.18,0.07
,20/11/2021,01:10:15,28.06,68.17,0.06
,20/11/2021,01:10:34,28.04,68.21,0.07
,20/11/2021,01:10:54,28.06,68.26,0.05
,20/11/2021,01:11:13,28.06,68.43,0.07
,20/11/2021,01:11:32,28.06,68.35,0.05
,20/11/2021,01:11:51,28.06,68.28,0.03
,20/11/2021,01:12:10,28.04,68.19,0.05
,20/11/2021,01:12:30,28.04,68.19,0.06
,20/11/2021,01:12:50,28.04,68.18,0.08
,20/11/2021,01:13:08,28.04,68.27,0.03
,20/11/2021,01:13:27,28.06,68.37,0.06
,20/11/2021,01:13:47,28.04,68.40,0.04
,20/11/2021,01:14:07,28.04,68.42,0.04
,20/11/2021,01:14:25,28.04,68.53,0.09
,20/11/2021,01:14:45,28.04,68.46,0.03
,20/11/2021,01:15:04,28.03,68.51,0.07
,20/11/2021,01:15:23,28.04,68.51,0.07
,20/11/2021,01:15:43,28.03,68.51,0.05
,20/11/2021,01:16:02,28.04,68.44,0.03
,20/11/2021,01:16:21,28.03,68.49,0.07
,20/11/2021,01:16:40,28.03,68.51,0.05
,20/11/2021,01:17:00,28.03,68.57,0.04
,20/11/2021,01:17:19,28.04,68.68,0.06
,20/11/2021,01:17:38,28.04,68.76,0.06
,20/11/2021,01:17:58,28.03,68.70,0.09
,20/11/2021,01:18:17,28.03,68.68,0.06
,20/11/2021,01:18:36,28.03,68.66,0.05
,20/11/2021,01:18:56,28.03,68.63,0.06
,20/11/2021,01:19:14,28.03,68.65,0.07
,20/11/2021,01:19:34,28.03,68.63,0.05
,20/11/2021,01:19:53,28.03,68.63,0.09
,20/11/2021,01:20:13,28.03,68.59,0.07
,20/11/2021,01:20:32,28.03,68.63,0.07
,20/11/2021,01:20:51,28.03,68.51,0.08
,20/11/2021,01:21:10,28.03,68.51,0.03
,20/11/2021,01:21:30,28.02,68.46,0.05
,20/11/2021,01:21:49,28.02,68.51,0.06
,20/11/2021,01:22:08,28.02,68.53,0.04
,20/11/2021,01:22:27,28.02,68.51,0.07
,20/11/2021,01:22:47,28.02,68.61,0.03
,20/11/2021,01:23:06,28.02,68.61,0.06
,20/11/2021,01:23:25,28.02,68.63,0.03
,20/11/2021,01:23:44,28.02,68.66,0.06
,20/11/2021,01:24:04,28.02,68.72,0.04
,20/11/2021,01:24:23,28.00,68.67,0.05
,20/11/2021,01:24:42,28.00,68.71,0.07
,20/11/2021,01:25:01,28.02,68.68,0.06
,20/11/2021,01:25:21,28.00,68.71,0.07
,20/11/2021,01:25:40,28.02,68.81,0.06
,20/11/2021,01:26:00,28.00,68.79,0.06
,20/11/2021,01:26:19,28.00,68.79,0.05
,20/11/2021,01:26:38,28.02,68.76,0.04
,20/11/2021,01:26:57,28.00,68.77,0.04
,20/11/2021,01:27:17,28.00,68.98,0.07
,20/11/2021,01:27:36,28.00,68.95,0.04
,20/11/2021,01:27:55,28.00,68.86,0.05
,20/11/2021,01:28:15,28.00,68.86,0.05
,20/11/2021,01:28:34,28.00,68.80,0.05
,20/11/2021,01:28:53,28.00,68.79,0.03
,20/11/2021,01:29:12,28.00,69.01,0.05
,20/11/2021,01:29:32,28.00,69.05,0.07
,20/11/2021,01:29:51,27.99,69.10,0.06
,20/11/2021,01:30:10,28.00,69.16,0.07
,20/11/2021,01:30:29,28.00,69.14,0.08
,20/11/2021,01:30:49,27.99,69.03,0.08
,20/11/2021,01:31:08,28.00,68.98,0.06
,20/11/2021,01:31:27,27.99,68.90,0.03
,20/11/2021,01:31:46,27.99,68.90,0.06
,20/11/2021,01:32:06,27.98,68.80,0.06
,20/11/2021,01:32:25,27.99,68.91,0.06
,20/11/2021,01:32:44,27.98,68.82,0.04
,20/11/2021,01:33:04,27.99,68.80,0.05
,20/11/2021,01:33:23,27.98,69.07,0.05
,20/11/2021,01:33:42,27.99,69.05,0.05
,20/11/2021,01:34:01,27.98,69.03,0.05
,20/11/2021,01:34:21,27.98,68.93,0.05
,20/11/2021,01:34:40,27.98,68.99,0.06
,20/11/2021,01:35:00,27.98,68.98,0.07
,20/11/2021,01:35:18,27.98,68.99,0.05
,20/11/2021,01:35:38,27.98,68.99,0.06
,20/11/2021,01:35:57,27.98,68.95,0.02
,20/11/2021,01:36:16,27.98,69.07,0.05
,20/11/2021,01:36:36,27.98,69.26,0.07
,20/11/2021,01:36:55,27.96,69.31,0.06
,20/11/2021,01:37:14,27.96,69.29,0.08
,20/11/2021,01:37:33,27.96,69.13,0.05
,20/11/2021,01:37:53,27.95,69.15,0.05
,20/11/2021,01:38:12,27.96,69.17,0.07
,20/11/2021,01:38:32,27.96,69.24,0.07
,20/11/2021,01:38:51,27.96,69.18,0.06
,20/11/2021,01:39:10,27.98,69.17,0.07
,20/11/2021,01:39:29,27.98,69.21,0.07
,20/11/2021,01:39:48,27.98,69.19,0.07
,20/11/2021,01:40:08,27.96,69.12,0.05
,20/11/2021,01:40:27,27.96,69.10,0.04
,20/11/2021,01:40:46,27.98,69.06,0.05
,20/11/2021,01:41:06,27.96,69.10,0.07
,20/11/2021,01:41:25,27.96,69.10,0.07
,20/11/2021,01:41:45,27.96,69.27,0.05
,20/11/2021,01:42:03,27.98,69.27,0.06
,20/11/2021,01:42:24,27.95,69.24,0.07
,20/11/2021,01:42:42,27.96,69.24,0.05
,20/11/2021,01:43:02,27.96,69.26,0.07
,20/11/2021,01:43:22,27.96,69.29,0.05
,20/11/2021,01:43:40,27.96,69.37,0.06
,20/11/2021,01:43:59,27.96,69.31,0.06
,20/11/2021,01:44:19,27.95,69.41,0.06
,20/11/2021,01:44:38,27.95,69.43,0.04
,20/11/2021,01:44:57,27.95,69.26,0.03
,20/11/2021,01:45:16,27.95,69.39,0.05
,20/11/2021,01:45:36,27.95,69.54,0.05
,20/11/2021,01:45:55,27.95,69.54,0.07
,20/11/2021,01:46:15,27.94,69.56,0.04
,20/11/2021,01:46:34,27.95,69.52,0.06
,20/11/2021,01:46:53,27.95,69.39,0.08
,20/11/2021,01:47:13,27.94,69.45,0.05
,20/11/2021,01:47:32,27.94,69.39,0.08
,20/11/2021,01:47:51,27.94,69.41,0.07
,20/11/2021,01:48:10,27.95,69.41,0.05
,20/11/2021,01:48:30,27.95,69.45,0.05
,20/11/2021,01:48:49,27.95,69.41,0.07
,20/11/2021,01:49:08,27.95,69.29,0.05
,20/11/2021,01:49:27,27.94,69.37,0.06
,20/11/2021,01:49:47,27.94,69.37,0.04
,20/11/2021,01:50:06,27.94,69.46,0.07
,20/11/2021,01:50:25,27.95,69.52,0.06
,20/11/2021,01:50:45,27.94,69.69,0.07
,20/11/2021,01:51:04,27.94,69.64,0.06
,20/11/2021,01:51:23,27.92,69.57,0.07
,20/11/2021,01:51:42,27.94,69.56,0.06
,20/11/2021,01:52:02,27.94,69.56,0.07
,20/11/2021,01:52:21,27.94,69.57,0.06
,20/11/2021,01:52:40,27.94,69.48,0.05
,20/11/2021,01:53:00,27.94,69.54,0.03
,20/11/2021,01:53:19,27.94,69.45,0.06
,20/11/2021,01:53:38,27.92,69.64,0.06
,20/11/2021,01:53:58,27.92,69.53,0.08
,20/11/2021,01:54:17,27.91,69.60,0.05
,20/11/2021,01:54:36,27.92,69.60,0.05
,20/11/2021,01:54:55,27.92,69.64,0.06
,20/11/2021,01:55:15,27.92,69.71,0.07
,20/11/2021,01:55:34,27.92,69.78,0.05
,20/11/2021,01:55:53,27.92,69.81,0.06
,20/11/2021,01:56:13,27.91,69.83,0.03
,20/11/2021,01:56:32,27.91,69.87,0.07
,20/11/2021,01:56:51,27.91,69.81,0.05
,20/11/2021,01:57:11,27.91,69.64,0.05
,20/11/2021,01:57:30,27.91,69.38,0.06
,20/11/2021,01:57:49,27.91,69.21,0.06
,20/11/2021,01:58:08,27.91,69.32,0.06
,20/11/2021,01:58:28,27.91,69.48,0.04
,20/11/2021,01:58:47,27.91,69.55,0.06
,20/11/2021,01:59:07,27.91,69.42,0.08
,20/11/2021,01:59:26,27.90,69.34,0.04
,20/11/2021,01:59:45,27.91,69.49,0.07
,20/11/2021,02:00:04,27.91,69.62,0.07
,20/11/2021,02:00:24,27.90,69.70,0.07
,20/11/2021,02:00:43,27.90,69.57,0.06
,20/11/2021,02:01:02,27.91,69.74,0.05
,20/11/2021,02:01:21,27.90,69.71,0.05
,20/11/2021,02:01:41,27.91,69.78,0.07
,20/11/2021,02:02:00,27.91,69.89,0.06
,20/11/2021,02:02:19,27.91,69.92,0.06
,20/11/2021,02:02:39,27.90,69.94,0.05
,20/11/2021,02:02:58,27.90,69.92,0.08
,20/11/2021,02:03:17,27.88,69.95,0.04
,20/11/2021,02:03:36,27.90,70.00,0.04
,20/11/2021,02:03:56,27.88,69.99,0.06
,20/11/2021,02:04:16,27.88,70.06,0.07
,20/11/2021,02:04:34,27.88,69.99,0.07
,20/11/2021,02:04:53,27.90,69.94,0.05
,20/11/2021,02:05:13,27.90,69.94,0.05
,20/11/2021,02:05:32,27.88,69.84,0.04
,20/11/2021,02:05:52,27.88,69.95,0.06
,20/11/2021,02:06:11,27.88,69.86,0.03
,20/11/2021,02:06:30,27.88,69.95,0.04
,20/11/2021,02:06:49,27.88,69.97,0.05
,20/11/2021,02:07:09,27.88,70.08,0.06
,20/11/2021,02:07:28,27.88,70.03,0.07
,20/11/2021,02:07:48,27.88,69.90,0.07
,20/11/2021,02:08:07,27.90,69.87,0.07
,20/11/2021,02:08:26,27.88,69.88,0.06
,20/11/2021,02:08:45,27.88,69.84,0.06
,20/11/2021,02:09:05,27.88,69.78,0.05
,20/11/2021,02:09:24,27.88,69.93,0.07
,20/11/2021,02:09:43,27.88,69.95,0.05
,20/11/2021,02:10:02,27.88,69.92,0.08
,20/11/2021,02:10:22,27.88,69.92,0.05
,20/11/2021,02:10:41,27.87,69.97,0.05
,20/11/2021,02:11:00,27.88,70.23,0.05
,20/11/2021,02:11:20,27.88,70.08,0.08
,20/11/2021,02:11:39,27.87,70.09,0.06
,20/11/2021,02:11:58,27.87,70.15,0.06
,20/11/2021,02:12:17,27.87,70.14,0.06
,20/11/2021,02:12:37,27.87,70.08,0.03
,20/11/2021,02:12:56,27.87,70.01,0.04
,20/11/2021,02:13:15,27.87,69.97,0.04
,20/11/2021,02:13:34,27.85,70.03,0.07
,20/11/2021,02:13:54,27.87,70.01,0.04
,20/11/2021,02:14:13,27.87,69.97,0.03
,20/11/2021,02:14:33,27.87,70.06,0.06
,20/11/2021,02:14:52,27.85,69.99,0.05
,20/11/2021,02:15:11,27.87,69.97,0.04
,20/11/2021,02:15:30,27.85,69.97,0.07
,20/11/2021,02:15:50,27.87,70.09,0.06
,20/11/2021,02:16:09,27.85,70.15,0.05
,20/11/2021,02:16:28,27.85,70.06,0.07
,20/11/2021,02:16:47,27.85,70.06,0.06
,20/11/2021,02:17:07,27.85,70.12,0.05
,20/11/2021,02:17:26,27.87,70.09,0.04
,20/11/2021,02:17:45,27.85,70.17,0.03
,20/11/2021,02:18:05,27.85,70.12,0.06
,20/11/2021,02:18:24,27.85,70.09,0.05
,20/11/2021,02:18:43,27.85,70.17,0.06
,20/11/2021,02:19:03,27.84,70.16,0.05
,20/11/2021,02:19:22,27.84,70.26,0.06
,20/11/2021,02:19:42,27.84,70.21,0.05
,20/11/2021,02:20:00,27.85,70.21,0.06
,20/11/2021,02:20:20,27.85,70.30,0.04
,20/11/2021,02:20:39,27.85,70.36,0.04
,20/11/2021,02:20:58,27.85,70.21,0.07
,20/11/2021,02:21:18,27.84,70.09,0.06
,20/11/2021,02:21:37,27.84,69.90,0.05
,20/11/2021,02:21:56,27.84,69.76,0.09
,20/11/2021,02:22:15,27.84,69.71,0.03
,20/11/2021,02:22:35,27.84,69.74,0.06
,20/11/2021,02:22:54,27.83,69.71,0.05
,20/11/2021,02:23:13,27.84,69.76,0.04
,20/11/2021,02:23:32,27.84,69.83,0.06
,20/11/2021,02:23:52,27.84,69.78,0.06
,20/11/2021,02:24:11,27.84,69.83,0.05
,20/11/2021,02:24:30,27.85,69.92,0.07
,20/11/2021,02:24:50,27.84,70.00,0.05
,20/11/2021,02:25:09,27.84,69.98,0.06
,20/11/2021,02:25:28,27.84,70.10,0.04
,20/11/2021,02:25:47,27.85,70.17,0.09
,20/11/2021,02:26:07,27.84,70.14,0.05
,20/11/2021,02:26:26,27.84,70.18,0.03
,20/11/2021,02:26:45,27.84,70.12,0.06
,20/11/2021,02:27:05,27.84,70.12,0.05
,20/11/2021,02:27:24,27.84,70.18,0.06
,20/11/2021,02:27:43,27.84,70.37,0.03
,20/11/2021,02:28:03,27.84,70.33,0.07
,20/11/2021,02:28:22,27.84,70.24,0.05
,20/11/2021,02:28:41,27.84,70.21,0.06
,20/11/2021,02:29:00,27.83,70.28,0.05
,20/11/2021,02:29:20,27.83,70.21,0.06
,20/11/2021,02:29:39,27.83,70.46,0.05
,20/11/2021,02:29:59,27.83,70.42,0.06
,20/11/2021,02:30:18,27.83,70.42,0.07
,20/11/2021,02:30:37,27.83,70.46,0.06
,20/11/2021,02:30:56,27.83,70.40,0.05
,20/11/2021,02:31:16,27.83,70.42,0.05
,20/11/2021,02:31:35,27.83,70.26,0.05
,20/11/2021,02:31:54,27.81,70.21,0.04
,20/11/2021,02:32:13,27.81,70.12,0.04
,20/11/2021,02:32:33,27.81,70.06,0.05
,20/11/2021,02:32:52,27.81,70.24,0.03
,20/11/2021,02:33:11,27.81,70.28,0.06
,20/11/2021,02:33:31,27.81,70.28,0.07
,20/11/2021,02:33:50,27.81,70.31,0.04
,20/11/2021,02:34:09,27.81,70.37,0.07
,20/11/2021,02:34:28,27.81,70.35,0.06
,20/11/2021,02:34:48,27.80,70.28,0.08
,20/11/2021,02:35:08,27.80,70.19,0.04
,20/11/2021,02:35:26,27.81,70.16,0.07
,20/11/2021,02:35:46,27.81,70.24,0.06
,20/11/2021,02:36:05,27.80,70.32,0.06
,20/11/2021,02:36:24,27.80,70.58,0.04
,20/11/2021,02:36:43,27.80,70.51,0.07
,20/11/2021,02:37:03,27.79,70.36,0.06
,20/11/2021,02:37:22,27.80,70.40,0.06
,20/11/2021,02:37:41,27.80,70.43,0.05
,20/11/2021,02:38:00,27.80,70.51,0.05
,20/11/2021,02:38:19,27.80,70.53,0.05
,20/11/2021,02:38:39,27.80,70.47,0.05
,20/11/2021,02:38:58,27.80,70.51,0.03
,20/11/2021,02:39:17,27.79,70.51,0.04
,20/11/2021,02:39:37,27.80,70.49,0.02
,20/11/2021,02:39:56,27.80,70.47,0.06
,20/11/2021,02:40:16,27.79,70.43,0.04
,20/11/2021,02:40:35,27.79,70.40,0.06
,20/11/2021,02:40:54,27.80,70.30,0.05
,20/11/2021,02:41:13,27.79,70.43,0.06
,20/11/2021,02:41:32,27.79,70.75,0.06
,20/11/2021,02:41:52,27.79,70.84,0.05
,20/11/2021,02:42:11,27.79,70.77,0.05
,20/11/2021,02:42:30,27.79,70.79,0.06
,20/11/2021,02:42:49,27.79,70.77,0.07
,20/11/2021,02:43:09,27.79,70.79,0.04
,20/11/2021,02:43:28,27.79,70.84,0.04
,20/11/2021,02:43:47,27.79,70.89,0.04
,20/11/2021,02:44:06,27.77,70.89,0.07
,20/11/2021,02:44:26,27.77,70.84,0.03
,20/11/2021,02:44:45,27.77,70.83,0.04
,20/11/2021,02:45:04,27.77,70.72,0.07
,20/11/2021,02:45:24,27.77,70.62,0.07
,20/11/2021,02:45:43,27.77,70.54,0.05
,20/11/2021,02:46:02,27.77,70.60,0.08
,20/11/2021,02:46:21,27.76,70.56,0.07
,20/11/2021,02:46:41,27.76,70.57,0.07
,20/11/2021,02:47:00,27.76,70.54,0.08
,20/11/2021,02:47:19,27.76,70.50,0.06
,20/11/2021,02:47:39,27.75,70.46,0.04
,20/11/2021,02:47:58,27.76,70.54,0.08
,20/11/2021,02:48:17,27.76,70.80,0.05
,20/11/2021,02:48:36,27.76,70.82,0.05
,20/11/2021,02:48:56,27.76,70.75,0.05
,20/11/2021,02:49:15,27.76,70.75,0.04
,20/11/2021,02:49:34,27.76,70.70,0.06
,20/11/2021,02:49:54,27.76,70.65,0.06
,20/11/2021,02:50:13,27.76,70.60,0.07
,20/11/2021,02:50:33,27.75,70.63,0.05
,20/11/2021,02:50:51,27.76,70.59,0.08
,20/11/2021,02:51:11,27.76,70.68,0.05
,20/11/2021,02:51:30,27.76,70.67,0.07
,20/11/2021,02:51:49,27.75,70.87,0.05
,20/11/2021,02:52:08,27.76,70.84,0.05
,20/11/2021,02:52:28,27.75,70.70,0.06
,20/11/2021,02:52:47,27.75,70.65,0.06
,20/11/2021,02:53:06,27.75,70.59,0.07
,20/11/2021,02:53:26,27.75,70.54,0.06
,20/11/2021,02:53:45,27.75,70.56,0.06
,20/11/2021,02:54:05,27.75,70.61,0.03
,20/11/2021,02:54:24,27.75,70.84,0.03
,20/11/2021,02:54:43,27.75,70.82,0.05
,20/11/2021,02:55:02,27.75,70.78,0.06
,20/11/2021,02:55:22,27.75,70.68,0.03
,20/11/2021,02:55:41,27.75,70.89,0.05
,20/11/2021,02:56:00,27.76,70.93,0.04
,20/11/2021,02:56:20,27.75,70.93,0.06
,20/11/2021,02:56:39,27.75,70.84,0.07
,20/11/2021,02:56:58,27.75,70.84,0.06
,20/11/2021,02:57:17,27.75,70.95,0.09
,20/11/2021,02:57:37,27.75,70.95,0.05
,20/11/2021,02:57:56,27.75,70.97,0.09
,20/11/2021,02:58:15,27.75,71.00,0.04
,20/11/2021,02:58:35,27.75,71.02,0.05
,20/11/2021,02:58:54,27.75,71.04,0.06
,20/11/2021,02:59:13,27.75,71.20,0.07
,20/11/2021,02:59:33,27.75,71.26,0.07
,20/11/2021,02:59:52,27.75,71.22,0.07
,20/11/2021,03:00:12,27.73,71.30,0.04
,20/11/2021,03:00:30,27.73,71.20,0.05
,20/11/2021,03:00:50,27.73,71.08,0.04
,20/11/2021,03:01:09,27.73,70.93,0.05
,20/11/2021,03:01:28,27.73,70.97,0.04
,20/11/2021,03:01:48,27.73,70.93,0.04
,20/11/2021,03:02:07,27.73,71.06,0.05
,20/11/2021,03:02:26,27.73,71.04,0.02
,20/11/2021,03:02:45,27.73,70.98,0.04
,20/11/2021,03:03:05,27.73,71.04,0.04
,20/11/2021,03:03:24,27.73,71.08,0.05
,20/11/2021,03:03:43,27.73,71.04,0.07
,20/11/2021,03:04:03,27.72,71.08,0.06
,20/11/2021,03:04:21,27.72,71.10,0.06
,20/11/2021,03:04:41,27.72,71.14,0.05
,20/11/2021,03:05:00,27.72,71.03,0.03
,20/11/2021,03:05:19,27.72,71.03,0.05
,20/11/2021,03:05:39,27.72,71.10,0.05
,20/11/2021,03:05:59,27.72,71.04,0.05
,20/11/2021,03:06:17,27.72,71.12,0.07
,20/11/2021,03:06:37,27.72,70.96,0.07
,20/11/2021,03:06:56,27.72,70.87,0.05
,20/11/2021,03:07:15,27.72,70.87,0.03
,20/11/2021,03:07:35,27.70,70.83,0.05
,20/11/2021,03:07:54,27.72,70.77,0.03
,20/11/2021,03:08:13,27.70,70.97,0.05
,20/11/2021,03:08:33,27.70,71.08,0.06
,20/11/2021,03:08:52,27.70,71.18,0.06
,20/11/2021,03:09:11,27.70,71.23,0.07
,20/11/2021,03:09:30,27.70,71.44,0.04
,20/11/2021,03:09:50,27.70,71.36,0.07
,20/11/2021,03:10:10,27.70,71.31,0.04
,20/11/2021,03:10:28,27.70,71.20,0.06
,20/11/2021,03:10:48,27.70,71.20,0.05
,20/11/2021,03:11:07,27.70,71.01,0.06
,20/11/2021,03:11:26,27.69,71.10,0.04
,20/11/2021,03:11:45,27.70,71.01,0.04
,20/11/2021,03:12:05,27.70,71.04,0.05
,20/11/2021,03:12:24,27.70,71.22,0.08
,20/11/2021,03:12:43,27.69,71.33,0.05
,20/11/2021,03:13:03,27.69,71.23,0.06
,20/11/2021,03:13:22,27.69,71.14,0.03
,20/11/2021,03:13:41,27.69,71.16,0.06
,20/11/2021,03:14:01,27.69,71.20,0.04
,20/11/2021,03:14:20,27.69,71.33,0.06
,20/11/2021,03:14:39,27.69,71.50,0.06
,20/11/2021,03:14:58,27.68,71.37,0.05
,20/11/2021,03:15:18,27.69,71.34,0.05
,20/11/2021,03:15:37,27.68,71.36,0.07
,20/11/2021,03:15:56,27.68,71.26,0.06
,20/11/2021,03:16:16,27.68,71.20,0.04
,20/11/2021,03:16:35,27.66,71.11,0.08
,20/11/2021,03:16:54,27.68,71.15,0.04
,20/11/2021,03:17:14,27.68,71.20,0.06
,20/11/2021,03:17:33,27.68,71.30,0.05
,20/11/2021,03:17:52,27.68,71.26,0.06
,20/11/2021,03:18:11,27.68,71.20,0.05
,20/11/2021,03:18:31,27.68,71.17,0.05
,20/11/2021,03:18:50,27.68,71.13,0.05
,20/11/2021,03:19:09,27.68,71.09,0.04
,20/11/2021,03:19:29,27.68,71.19,0.06
,20/11/2021,03:19:48,27.68,71.19,0.06
,20/11/2021,03:20:07,27.68,71.13,0.08
,20/11/2021,03:20:26,27.66,71.17,0.03
,20/11/2021,03:20:45,27.68,71.09,0.06
,20/11/2021,03:21:05,27.68,71.22,0.07
,20/11/2021,03:21:24,27.68,71.17,0.05
,20/11/2021,03:21:43,27.66,71.15,0.05
,20/11/2021,03:22:03,27.66,71.20,0.04
,20/11/2021,03:22:22,27.66,71.37,0.05
,20/11/2021,03:22:41,27.68,71.47,0.06
,20/11/2021,03:23:01,27.66,71.55,0.03
,20/11/2021,03:23:20,27.68,71.60,0.02
,20/11/2021,03:23:40,27.68,71.58,0.06
,20/11/2021,03:23:58,27.68,71.66,0.07
,20/11/2021,03:24:18,27.66,71.62,0.04
,20/11/2021,03:24:37,27.66,71.48,0.04
,20/11/2021,03:24:57,27.66,71.48,0.05
,20/11/2021,03:25:16,27.66,71.47,0.04
,20/11/2021,03:25:35,27.66,71.48,0.05
,20/11/2021,03:25:54,27.66,71.60,0.06
,20/11/2021,03:26:13,27.66,71.86,0.05
,20/11/2021,03:26:33,27.66,71.81,0.04
,20/11/2021,03:26:52,27.66,71.83,0.08
,20/11/2021,03:27:12,27.66,71.88,0.04
,20/11/2021,03:27:31,27.65,71.84,0.05
,20/11/2021,03:27:51,27.65,71.55,0.05
,20/11/2021,03:28:10,27.65,71.48,0.06
,20/11/2021,03:28:29,27.65,71.43,0.08
,20/11/2021,03:28:48,27.65,71.43,0.05
,20/11/2021,03:29:07,27.64,71.41,0.06
,20/11/2021,03:29:26,27.65,71.41,0.06
,20/11/2021,03:29:46,27.65,71.62,0.02
,20/11/2021,03:30:05,27.64,71.78,0.05
,20/11/2021,03:30:24,27.64,71.84,0.07
,20/11/2021,03:30:44,27.65,71.86,0.04
,20/11/2021,03:31:03,27.65,71.88,0.06
,20/11/2021,03:31:22,27.64,71.80,0.05
,20/11/2021,03:31:42,27.64,71.61,0.04
,20/11/2021,03:32:01,27.64,71.61,0.05
,20/11/2021,03:32:20,27.64,71.65,0.06
,20/11/2021,03:32:40,27.64,71.61,0.06
,20/11/2021,03:32:59,27.64,71.74,0.04
,20/11/2021,03:33:18,27.64,71.70,0.04
,20/11/2021,03:33:38,27.64,71.74,0.06
,20/11/2021,03:33:57,27.64,71.89,0.04
,20/11/2021,03:34:16,27.62,71.89,0.04
,20/11/2021,03:34:35,27.64,71.91,0.04
,20/11/2021,03:34:55,27.64,72.00,0.05
,20/11/2021,03:35:14,27.64,72.11,0.06
,20/11/2021,03:35:33,27.64,71.98,0.07
,20/11/2021,03:35:53,27.62,71.86,0.05
,20/11/2021,03:36:12,27.62,71.91,0.07
,20/11/2021,03:36:31,27.62,71.86,0.03
,20/11/2021,03:36:51,27.62,71.80,0.08
,20/11/2021,03:37:10,27.61,71.86,0.06
,20/11/2021,03:37:29,27.62,71.80,0.03
,20/11/2021,03:37:48,27.62,71.83,0.05
,20/11/2021,03:38:08,27.62,71.91,0.06
,20/11/2021,03:38:27,27.61,71.81,0.07
,20/11/2021,03:38:46,27.61,71.89,0.06
,20/11/2021,03:39:05,27.61,71.83,0.06
,20/11/2021,03:39:25,27.61,71.69,0.03
,20/11/2021,03:39:44,27.61,71.65,0.04
,20/11/2021,03:40:03,27.61,71.72,0.04
,20/11/2021,03:40:23,27.61,71.84,0.07
,20/11/2021,03:40:42,27.61,71.86,0.03
,20/11/2021,03:41:01,27.61,71.86,0.06
,20/11/2021,03:41:21,27.61,71.78,0.07
,20/11/2021,03:41:40,27.61,71.92,0.05
,20/11/2021,03:42:00,27.61,72.09,0.05
,20/11/2021,03:42:19,27.61,72.07,0.06
,20/11/2021,03:42:38,27.61,72.02,0.05
,20/11/2021,03:42:57,27.61,72.02,0.05
,20/11/2021,03:43:17,27.61,72.00,0.05
,20/11/2021,03:43:36,27.61,72.09,0.06
,20/11/2021,03:43:55,27.61,72.00,0.06
,20/11/2021,03:44:14,27.61,71.98,0.05
,20/11/2021,03:44:34,27.60,71.97,0.05
,20/11/2021,03:44:53,27.60,71.88,0.04
,20/11/2021,03:45:12,27.61,71.91,0.05
,20/11/2021,03:45:32,27.61,71.91,0.06
,20/11/2021,03:45:50,27.60,71.88,0.06
,20/11/2021,03:46:10,27.60,71.95,0.05
,20/11/2021,03:46:29,27.60,71.98,0.05
,20/11/2021,03:46:48,27.60,72.05,0.05
,20/11/2021,03:47:09,27.60,72.01,0.04
,20/11/2021,03:47:27,27.60,72.10,0.03
,20/11/2021,03:47:47,27.60,72.17,0.05
,20/11/2021,03:48:05,27.60,72.06,0.08
,20/11/2021,03:48:25,27.58,72.14,0.04
,20/11/2021,03:48:44,27.60,72.17,0.08
,20/11/2021,03:49:04,27.60,72.17,0.07
,20/11/2021,03:49:23,27.58,72.23,0.04
,20/11/2021,03:49:42,27.60,72.25,0.03
,20/11/2021,03:50:01,27.60,72.27,0.04
,20/11/2021,03:50:20,27.58,72.19,0.05
,20/11/2021,03:50:40,27.60,72.21,0.07
,20/11/2021,03:50:59,27.60,72.29,0.06
,20/11/2021,03:51:18,27.58,72.19,0.06
,20/11/2021,03:51:38,27.58,72.19,0.05
,20/11/2021,03:51:57,27.58,72.19,0.05
,20/11/2021,03:52:17,27.58,72.25,0.05
,20/11/2021,03:52:36,27.58,72.27,0.03
,20/11/2021,03:52:55,27.58,72.21,0.06
,20/11/2021,03:53:14,27.58,72.29,0.05
,20/11/2021,03:53:34,27.57,72.34,0.05
,20/11/2021,03:53:53,27.57,72.45,0.06
,20/11/2021,03:54:12,27.57,72.34,0.04
,20/11/2021,03:54:32,27.58,72.33,0.07
,20/11/2021,03:54:51,27.57,72.06,0.04
,20/11/2021,03:55:10,27.57,72.06,0.06
,20/11/2021,03:55:30,27.57,72.16,0.03
,20/11/2021,03:55:49,27.57,72.17,0.06
,20/11/2021,03:56:08,27.58,72.14,0.04
,20/11/2021,03:56:27,27.55,72.17,0.05
,20/11/2021,03:56:46,27.57,72.23,0.05
,20/11/2021,03:57:06,27.57,72.14,0.05
,20/11/2021,03:57:26,27.57,72.16,0.05
,20/11/2021,03:57:44,27.57,72.27,0.03
,20/11/2021,03:58:04,27.55,72.15,0.09
,20/11/2021,03:58:23,27.55,72.03,0.06
,20/11/2021,03:58:42,27.57,71.98,0.05
,20/11/2021,03:59:01,27.55,72.02,0.05
,20/11/2021,03:59:21,27.55,72.05,0.08
,20/11/2021,03:59:40,27.57,72.03,0.05
,20/11/2021,04:00:00,27.55,72.15,0.04
,20/11/2021,04:00:19,27.55,72.37,0.03
,20/11/2021,04:00:38,27.55,72.35,0.05
,20/11/2021,04:00:57,27.53,72.26,0.05
,20/11/2021,04:01:16,27.55,72.31,0.03
,20/11/2021,04:01:36,27.53,72.35,0.07
,20/11/2021,04:01:55,27.53,72.37,0.07
,20/11/2021,04:02:14,27.53,72.37,0.06
,20/11/2021,04:02:34,27.53,72.31,0.06
,20/11/2021,04:02:53,27.53,72.37,0.06
,20/11/2021,04:03:12,27.53,72.33,0.02
,20/11/2021,04:03:31,27.53,72.43,0.06
,20/11/2021,04:03:51,27.53,72.49,0.08
,20/11/2021,04:04:10,27.55,72.49,0.07
,20/11/2021,04:04:30,27.53,72.45,0.05
,20/11/2021,04:04:49,27.55,72.54,0.06
,20/11/2021,04:05:08,27.55,72.43,0.10
,20/11/2021,04:05:27,27.52,72.37,0.04
,20/11/2021,04:05:47,27.53,72.31,0.06
,20/11/2021,04:06:05,27.53,72.41,0.04
,20/11/2021,04:06:25,27.53,72.56,0.03
,20/11/2021,04:06:44,27.53,72.54,0.04
,20/11/2021,04:07:04,27.53,72.60,0.02
,20/11/2021,04:07:23,27.53,72.47,0.05
,20/11/2021,04:07:43,27.53,72.49,0.04
,20/11/2021,04:08:01,27.52,72.54,0.07
,20/11/2021,04:08:20,27.53,72.39,0.04
,20/11/2021,04:08:41,27.53,72.31,0.06
,20/11/2021,04:08:59,27.52,72.43,0.03
,20/11/2021,04:09:19,27.52,72.49,0.05
,20/11/2021,04:09:38,27.52,72.43,0.05
,20/11/2021,04:09:57,27.52,72.52,0.04
,20/11/2021,04:10:17,27.52,72.72,0.07
,20/11/2021,04:10:35,27.52,72.85,0.05
,20/11/2021,04:10:55,27.50,72.61,0.08
,20/11/2021,04:11:14,27.52,72.60,0.08
,20/11/2021,04:11:34,27.52,72.76,0.06
,20/11/2021,04:11:53,27.50,72.73,0.05
,20/11/2021,04:12:12,27.50,72.69,0.05
,20/11/2021,04:12:31,27.50,72.63,0.04
,20/11/2021,04:12:51,27.50,72.64,0.09
,20/11/2021,04:13:11,27.50,72.75,0.08
,20/11/2021,04:13:29,27.50,72.79,0.05
,20/11/2021,04:13:49,27.50,72.79,0.04
,20/11/2021,04:14:08,27.50,72.73,0.05
,20/11/2021,04:14:27,27.50,72.81,0.04
,20/11/2021,04:14:46,27.50,72.83,0.05
,20/11/2021,04:15:06,27.50,72.88,0.06
,20/11/2021,04:15:26,27.49,72.88,0.05
,20/11/2021,04:15:44,27.49,72.96,0.04
,20/11/2021,04:16:04,27.49,73.09,0.04
,20/11/2021,04:16:23,27.49,73.07,0.02
,20/11/2021,04:16:42,27.49,72.90,0.04
,20/11/2021,04:17:01,27.50,72.85,0.05
,20/11/2021,04:17:21,27.50,72.99,0.04
,20/11/2021,04:17:40,27.49,72.99,0.06
,20/11/2021,04:18:00,27.48,72.90,0.05
,20/11/2021,04:18:19,27.49,72.97,0.05
,20/11/2021,04:18:38,27.49,73.05,0.03
,20/11/2021,04:18:58,27.48,73.05,0.04
,20/11/2021,04:19:16,27.49,72.92,0.05
,20/11/2021,04:19:36,27.49,72.92,0.05
,20/11/2021,04:19:55,27.48,72.75,0.06
,20/11/2021,04:20:15,27.49,72.73,0.07
,20/11/2021,04:20:34,27.48,72.88,0.07
,20/11/2021,04:20:53,27.48,72.96,0.06
,20/11/2021,04:21:13,27.48,72.92,0.06
,20/11/2021,04:21:32,27.49,72.73,0.03
,20/11/2021,04:21:51,27.46,72.66,0.05
,20/11/2021,04:22:10,27.48,72.63,0.05
,20/11/2021,04:22:29,27.48,72.69,0.05
,20/11/2021,04:22:49,27.48,72.86,0.05
,20/11/2021,04:23:08,27.49,72.86,0.06
,20/11/2021,04:23:28,27.48,73.05,0.02
,20/11/2021,04:23:47,27.48,73.07,0.05
,20/11/2021,04:24:06,27.46,73.02,0.06
,20/11/2021,04:24:25,27.48,73.09,0.04
,20/11/2021,04:24:45,27.46,73.16,0.05
,20/11/2021,04:25:04,27.46,73.19,0.05
,20/11/2021,04:25:24,27.46,73.04,0.03
,20/11/2021,04:25:42,27.46,73.02,0.07
,20/11/2021,04:26:02,27.46,73.10,0.06
,20/11/2021,04:26:21,27.46,73.08,0.05
,20/11/2021,04:26:40,27.46,73.04,0.04
,20/11/2021,04:27:00,27.46,73.00,0.04
,20/11/2021,04:27:19,27.45,72.95,0.06
,20/11/2021,04:27:38,27.46,72.89,0.06
,20/11/2021,04:27:58,27.46,72.91,0.08
,20/11/2021,04:28:17,27.45,72.99,0.04
,20/11/2021,04:28:36,27.46,72.93,0.06
,20/11/2021,04:28:56,27.45,72.91,0.06
,20/11/2021,04:29:15,27.45,72.89,0.03
,20/11/2021,04:29:34,27.45,72.83,0.05
,20/11/2021,04:29:53,27.45,72.99,0.05
,20/11/2021,04:30:13,27.45,73.16,0.04
,20/11/2021,04:30:32,27.45,73.28,0.04
,20/11/2021,04:30:51,27.46,73.34,0.04
,20/11/2021,04:31:11,27.45,73.34,0.05
,20/11/2021,04:31:30,27.45,73.30,0.05
,20/11/2021,04:31:49,27.44,73.34,0.05
,20/11/2021,04:32:09,27.44,73.34,0.05
,20/11/2021,04:32:28,27.45,73.38,0.06
,20/11/2021,04:32:47,27.44,73.30,0.06
,20/11/2021,04:33:06,27.44,73.19,0.02
,20/11/2021,04:33:26,27.44,73.27,0.05
,20/11/2021,04:33:45,27.45,73.25,0.05
,20/11/2021,04:34:04,27.44,73.21,0.06
,20/11/2021,04:34:23,27.44,73.21,0.06
,20/11/2021,04:34:43,27.45,73.18,0.05
,20/11/2021,04:35:02,27.45,73.08,0.05
,20/11/2021,04:35:21,27.44,73.11,0.04
,20/11/2021,04:35:41,27.44,73.18,0.06
,20/11/2021,04:36:00,27.44,73.13,0.06
,20/11/2021,04:36:19,27.44,73.18,0.06
,20/11/2021,04:36:39,27.44,73.28,0.06
,20/11/2021,04:36:58,27.44,73.44,0.04
,20/11/2021,04:37:17,27.44,73.50,0.04
,20/11/2021,04:37:36,27.44,73.47,0.05
,20/11/2021,04:37:56,27.44,73.30,0.05
,20/11/2021,04:38:15,27.44,73.18,0.07
,20/11/2021,04:38:35,27.44,73.28,0.03
,20/11/2021,04:38:53,27.42,73.37,0.05
,20/11/2021,04:39:13,27.42,73.32,0.07
,20/11/2021,04:39:32,27.44,73.32,0.07
,20/11/2021,04:39:52,27.42,73.24,0.05
,20/11/2021,04:40:10,27.42,73.30,0.04
,20/11/2021,04:40:30,27.42,73.43,0.04
,20/11/2021,04:40:50,27.42,73.41,0.08
,20/11/2021,04:41:09,27.44,73.42,0.06
,20/11/2021,04:41:28,27.42,73.44,0.04
,20/11/2021,04:41:47,27.42,73.43,0.03
,20/11/2021,04:42:07,27.44,73.44,0.06
,20/11/2021,04:42:26,27.42,73.43,0.05
,20/11/2021,04:42:45,27.42,73.24,0.02
,20/11/2021,04:43:04,27.42,73.14,0.04
,20/11/2021,04:43:24,27.42,73.22,0.04
,20/11/2021,04:43:43,27.41,73.32,0.06
,20/11/2021,04:44:02,27.41,73.20,0.05
,20/11/2021,04:44:22,27.41,73.11,0.02
,20/11/2021,04:44:41,27.42,73.20,0.06
,20/11/2021,04:45:00,27.41,73.28,0.06
,20/11/2021,04:45:19,27.41,73.32,0.02
,20/11/2021,04:45:39,27.41,73.37,0.03
,20/11/2021,04:45:58,27.41,73.47,0.05
,20/11/2021,04:46:18,27.41,73.49,0.09
,20/11/2021,04:46:36,27.41,73.49,0.04
,20/11/2021,04:46:56,27.41,73.49,0.04
,20/11/2021,04:47:15,27.41,73.41,0.04
,20/11/2021,04:47:34,27.41,73.44,0.06
,20/11/2021,04:47:54,27.41,73.54,0.04
,20/11/2021,04:48:13,27.41,73.49,0.06
,20/11/2021,04:48:32,27.41,73.51,0.06
,20/11/2021,04:48:52,27.41,73.46,0.05
,20/11/2021,04:49:11,27.40,73.44,0.05
,20/11/2021,04:49:30,27.41,73.49,0.07
,20/11/2021,04:49:49,27.40,73.54,0.04
,20/11/2021,04:50:09,27.40,73.54,0.04
,20/11/2021,04:50:28,27.40,73.49,0.05
,20/11/2021,04:50:47,27.40,73.54,0.06
,20/11/2021,04:51:07,27.40,73.66,0.06
,20/11/2021,04:51:26,27.40,73.74,0.03
,20/11/2021,04:51:45,27.40,73.85,0.03
,20/11/2021,04:52:05,27.40,73.74,0.02
,20/11/2021,04:52:24,27.40,73.59,0.03
,20/11/2021,04:52:43,27.40,73.54,0.05
,20/11/2021,04:53:03,27.40,73.49,0.04
,20/11/2021,04:53:22,27.40,73.59,0.05
,20/11/2021,04:53:41,27.38,73.60,0.08
,20/11/2021,04:54:01,27.38,73.49,0.05
,20/11/2021,04:54:20,27.38,73.58,0.05
,20/11/2021,04:54:39,27.38,73.71,0.07
,20/11/2021,04:54:58,27.38,73.69,0.04
,20/11/2021,04:55:18,27.38,73.66,0.06
,20/11/2021,04:55:37,27.38,73.56,0.04
,20/11/2021,04:55:56,27.38,73.50,0.07
,20/11/2021,04:56:15,27.38,73.66,0.05
,20/11/2021,04:56:35,27.38,73.63,0.06
,20/11/2021,04:56:54,27.38,73.61,0.04
,20/11/2021,04:57:13,27.38,73.61,0.08
,20/11/2021,04:57:33,27.38,73.60,0.06
,20/11/2021,04:57:52,27.37,73.60,0.04
,20/11/2021,04:58:12,27.37,73.58,0.04
,20/11/2021,04:58:30,27.37,73.47,0.04
,20/11/2021,04:58:50,27.37,73.42,0.05
,20/11/2021,04:59:10,27.37,73.40,0.05
,20/11/2021,04:59:28,27.37,73.30,0.04
,20/11/2021,04:59:47,27.37,73.21,0.07
,20/11/2021,05:00:07,27.37,73.47,0.05
,20/11/2021,05:00:26,27.37,73.56,0.03
,20/11/2021,05:00:46,27.35,73.61,0.05
,20/11/2021,05:01:05,27.37,73.60,0.04
,20/11/2021,05:01:24,27.37,73.56,0.07
,20/11/2021,05:01:43,27.37,73.54,0.06
,20/11/2021,05:02:03,27.37,73.44,0.04
,20/11/2021,05:02:22,27.35,73.32,0.05
,20/11/2021,05:02:41,27.35,73.49,0.07
,20/11/2021,05:03:01,27.35,73.63,0.06
,20/11/2021,05:03:20,27.37,73.54,0.06
,20/11/2021,05:03:39,27.35,73.44,0.08
,20/11/2021,05:03:58,27.35,73.30,0.05
,20/11/2021,05:04:18,27.35,73.36,0.06
,20/11/2021,05:04:37,27.35,73.49,0.05
,20/11/2021,05:04:56,27.35,73.54,0.06
,20/11/2021,05:05:16,27.35,73.52,0.04
,20/11/2021,05:05:35,27.34,73.59,0.05
,20/11/2021,05:05:54,27.35,73.63,0.04
,20/11/2021,05:06:14,27.35,73.69,0.04
,20/11/2021,05:06:33,27.35,73.52,0.06
,20/11/2021,05:06:52,27.35,73.54,0.07
,20/11/2021,05:07:12,27.35,73.69,0.03
,20/11/2021,05:07:31,27.35,73.75,0.05
,20/11/2021,05:07:50,27.34,73.82,0.07
,20/11/2021,05:08:09,27.35,73.66,0.05
,20/11/2021,05:08:28,27.35,73.68,0.04
,20/11/2021,05:08:48,27.34,73.70,0.07
,20/11/2021,05:09:07,27.34,73.83,0.06
,20/11/2021,05:09:27,27.34,73.98,0.06
,20/11/2021,05:09:46,27.34,74.02,0.06
,20/11/2021,05:10:05,27.34,74.04,0.04
,20/11/2021,05:10:24,27.34,73.98,0.05
,20/11/2021,05:10:44,27.34,73.75,0.07
,20/11/2021,05:11:03,27.33,73.46,0.06
,20/11/2021,05:11:22,27.33,73.57,0.04
,20/11/2021,05:11:42,27.34,73.59,0.07
,20/11/2021,05:12:01,27.33,73.61,0.07
,20/11/2021,05:12:20,27.34,73.74,0.03
,20/11/2021,05:12:39,27.34,73.75,0.05
,20/11/2021,05:12:59,27.33,73.75,0.06
,20/11/2021,05:13:18,27.34,73.78,0.04
,20/11/2021,05:13:38,27.33,73.82,0.06
,20/11/2021,05:13:57,27.33,73.74,0.07
,20/11/2021,05:14:16,27.33,73.72,0.06
,20/11/2021,05:14:36,27.33,73.74,0.04
,20/11/2021,05:14:55,27.33,73.83,0.05
,20/11/2021,05:15:14,27.33,73.87,0.04
,20/11/2021,05:15:33,27.33,73.75,0.07
,20/11/2021,05:15:52,27.33,73.78,0.03
,20/11/2021,05:16:12,27.33,73.80,0.03
,20/11/2021,05:16:31,27.33,73.94,0.06
,20/11/2021,05:16:50,27.33,74.10,0.05
,20/11/2021,05:17:10,27.33,74.02,0.04
,20/11/2021,05:17:29,27.33,74.00,0.06
,20/11/2021,05:17:48,27.33,73.98,0.07
,20/11/2021,05:18:07,27.33,73.94,0.04
,20/11/2021,05:18:27,27.31,73.91,0.05
,20/11/2021,05:18:46,27.33,73.83,0.05
,20/11/2021,05:19:06,27.31,73.83,0.06
,20/11/2021,05:19:25,27.31,73.83,0.06
,20/11/2021,05:19:45,27.31,73.85,0.04
,20/11/2021,05:20:03,27.31,73.83,0.06
,20/11/2021,05:20:22,27.31,73.78,0.05
,20/11/2021,05:20:42,27.31,73.75,0.04
,20/11/2021,05:21:01,27.31,73.72,0.04
,20/11/2021,05:21:20,27.31,73.82,0.06
,20/11/2021,05:21:40,27.33,73.96,0.04
,20/11/2021,05:21:59,27.33,74.06,0.04
,20/11/2021,05:22:18,27.31,74.04,0.07
,20/11/2021,05:22:37,27.33,74.02,0.04
,20/11/2021,05:22:57,27.31,73.93,0.06
,20/11/2021,05:23:16,27.31,73.82,0.08
,20/11/2021,05:23:36,27.31,73.75,0.07
,20/11/2021,05:23:55,27.30,73.68,0.06
,20/11/2021,05:24:14,27.31,73.74,0.07
,20/11/2021,05:24:33,27.31,73.75,0.04
,20/11/2021,05:24:53,27.31,73.83,0.04
,20/11/2021,05:25:12,27.31,73.87,0.04
,20/11/2021,05:25:31,27.30,73.86,0.07
,20/11/2021,05:25:50,27.30,73.86,0.05
,20/11/2021,05:26:09,27.30,73.94,0.03
,20/11/2021,05:26:29,27.30,73.96,0.04
,20/11/2021,05:26:49,27.30,73.92,0.03
,20/11/2021,05:27:07,27.30,73.96,0.07
,20/11/2021,05:27:27,27.29,73.88,0.03
,20/11/2021,05:27:46,27.29,73.84,0.04
,20/11/2021,05:28:05,27.30,73.84,0.04
,21/11/2021,05:28:25,27.29,73.86,0.06
,21/11/2021,05:28:44,27.29,73.86,0.05
,21/11/2021,05:29:03,27.29,73.92,0.04
,21/11/2021,05:29:22,27.30,73.96,0.04
,21/11/2021,05:29:42,27.29,73.99,0.05
,21/11/2021,05:30:02,27.29,73.94,0.06
,21/11/2021,05:30:20,27.30,73.96,0.05
,21/11/2021,05:30:40,27.30,73.92,0.04
,22/11/2021,05:30:59,27.29,73.88,0.07
,22/11/2021,05:31:18,27.29,73.88,0.04
,22/11/2021,05:31:37,27.29,73.88,0.05
,22/11/2021,05:31:57,27.29,73.97,0.07
,22/11/2021,05:32:16,27.29,73.99,0.05
,22/11/2021,05:32:35,27.29,74.07,0.05
,22/11/2021,05:32:54,27.29,74.07,0.05
,22/11/2021,05:33:14,27.30,74.10,0.05
,22/11/2021,05:33:34,27.30,74.23,0.05
,29/11/2021,09:00:54,26.59,54.21,0.74
,29/11/2021,09:01:11,26.61,54.06,0.76
,29/11/2021,09:01:31,26.63,53.97,0.75
,29/11/2021,09:01:50,26.66,53.94,0.77
,29/11/2021,09:02:09,26.68,53.91,0.79
,29/11/2021,09:02:29,26.69,53.88,0.76
,29/11/2021,09:02:48,26.70,53.80,0.74
,29/11/2021,09:03:07,26.72,53.80,0.76
,29/11/2021,09:03:27,26.73,53.75,0.75
,29/11/2021,09:03:47,26.74,53.80,0.74
,29/11/2021,09:04:05,26.77,53.68,0.74
,29/11/2021,09:04:44,26.78,53.67,0.72
,29/11/2021,09:13:39,26.78,53.36,0.40
,29/11/2021,09:13:54,26.81,53.28,0.38
,29/11/2021,09:14:13,26.81,53.26,0.41
,29/11/2021,09:14:32,26.82,53.27,0.49
,29/11/2021,09:14:52,26.84,53.23,0.48
,29/11/2021,09:17:35,-40.00,0.00,0.00
,29/11/2021,09:17:50,-40.00,0.00,0.00
,29/11/2021,09:18:14,-40.00,0.00,0.00
,29/11/2021,09:18:59,-40.00,0.00,0.48
,29/11/2021,09:19:11,-40.00,0.00,0.49
,29/11/2021,09:19:40,-40.00,0.00,0.49
,29/11/2021,09:20:39,-40.00,0.00,0.51
,29/11/2021,09:20:55,-40.00,0.00,0.51
,29/11/2021,09:21:14,-40.00,0.00,0.49
,29/11/2021,09:21:34,-40.00,0.00,0.49
,29/11/2021,09:21:53,-40.00,0.00,0.51
,29/11/2021,09:22:12,-40.00,0.00,0.48
,29/11/2021,09:22:32,-40.00,0.00,0.47
,29/11/2021,09:22:51,-40.00,0.00,0.50
,29/11/2021,09:23:10,-40.00,0.00,0.49
,29/11/2021,09:23:30,-40.00,0.00,0.47
,29/11/2021,09:23:49,-40.00,0.00,0.48
,29/11/2021,09:24:08,-40.00,0.00,0.60
,29/11/2021,09:24:28,-40.00,0.00,0.51
,29/11/2021,09:24:47,-40.00,0.00,0.57
,29/11/2021,09:25:06,-40.00,0.00,0.53
,29/11/2021,09:25:26,-40.00,0.00,0.54
,29/11/2021,09:27:38,-40.00,0.00,0.56
,29/11/2021,09:27:57,-40.00,0.00,0.00
,29/11/2021,09:28:16,-40.00,0.00,0.55
,29/11/2021,09:28:56,-40.00,0.00,0.58
,29/11/2021,09:29:35,-40.00,0.00,0.57
,29/11/2021,09:30:12,-40.00,0.00,0.54
,29/11/2021,09:30:31,-40.00,0.00,0.59
,29/11/2021,09:31:09,-40.00,0.00,0.59
,29/11/2021,09:31:49,-40.00,0.00,0.56
,29/11/2021,09:32:07,-40.00,0.00,0.57
,29/11/2021,09:32:27,-40.00,0.00,0.56
,29/11/2021,09:32:49,-40.00,0.00,0.57
,29/11/2021,09:34:45,-40.00,0.00,0.68
,29/11/2021,09:35:12,-40.00,0.00,0.69
,29/11/2021,09:35:27,-40.00,0.00,0.70
,29/11/2021,09:35:39,-40.00,0.00,0.66
,29/11/2021,09:35:59,-40.00,0.00,0.71
,29/11/2021,09:36:18,-40.00,0.00,0.68
,29/11/2021,09:36:38,-40.00,0.00,0.71
,29/11/2021,09:36:57,-40.00,0.00,0.70
,29/11/2021,09:37:15,-40.00,0.00,0.71
,29/11/2021,09:37:35,-40.00,0.00,0.72
,29/11/2021,09:37:54,-40.00,0.00,0.67
,29/11/2021,09:38:13,-40.00,0.00,0.69
,29/11/2021,09:38:35,-40.00,0.00,0.73
,29/11/2021,09:38:53,-40.00,0.00,0.72
,29/11/2021,09:39:11,-40.00,0.00,0.70
,29/11/2021,09:39:37,-40.00,0.00,0.69
,29/11/2021,09:39:50,-40.00,0.00,0.72
,29/11/2021,09:40:10,-40.00,0.00,0.71
,29/11/2021,09:40:29,-40.00,0.00,0.71
,29/11/2021,09:40:49,-40.00,0.00,0.72
,29/11/2021,09:41:07,-40.00,0.00,0.72
,29/11/2021,09:41:26,-40.00,0.00,0.72
,29/11/2021,09:41:47,-40.00,0.00,0.72
,29/11/2021,09:42:05,-40.00,0.00,0.71
,29/11/2021,09:42:27,-40.00,0.00,0.71
,29/11/2021,09:42:44,-40.00,0.00,0.70
,29/11/2021,09:43:03,-40.00,0.00,0.71
,29/11/2021,09:43:22,-40.00,0.00,0.72
,29/11/2021,09:43:41,-40.00,0.00,0.73
,29/11/2021,09:44:02,-40.00,0.00,0.73
,29/11/2021,09:44:21,-40.00,0.00,0.69
,29/11/2021,09:44:39,-40.00,0.00,0.71
,29/11/2021,09:44:59,-40.00,0.00,0.70
,29/11/2021,09:45:18,-40.00,0.00,0.73
,29/11/2021,09:45:37,-40.00,0.00,0.70
,29/11/2021,09:45:56,-40.00,0.00,0.72
,29/11/2021,09:46:17,-40.00,0.00,0.72
,29/11/2021,09:46:36,-40.00,0.00,0.70
,29/11/2021,09:46:55,-40.00,0.00,0.73
,29/11/2021,09:47:14,-40.00,0.00,0.72
,29/11/2021,09:47:34,-40.00,0.00,0.71
,29/11/2021,09:47:53,-40.00,0.00,0.72
,29/11/2021,09:48:11,-40.00,0.00,0.70
,29/11/2021,09:48:32,-40.00,0.00,0.69
,29/11/2021,09:48:51,-40.00,0.00,0.72
,29/11/2021,09:49:09,-40.00,0.00,0.72
,29/11/2021,09:49:29,-40.00,0.00,0.71
,29/11/2021,09:49:48,-40.00,0.00,0.71
,29/11/2021,09:50:07,-40.00,0.00,0.68
,29/11/2021,09:50:26,-40.00,0.00,0.71
,29/11/2021,09:50:46,-40.00,0.00,0.74
,29/11/2021,09:51:05,-40.00,0.00,0.74
,29/11/2021,09:51:24,-40.00,0.00,0.70
,29/11/2021,09:51:44,-40.00,0.00,0.68
,29/11/2021,09:52:04,-40.00,0.00,0.69
,29/11/2021,09:52:22,-40.00,0.00,0.73
,29/11/2021,09:52:41,-40.00,0.00,0.67
,29/11/2021,09:53:01,-40.00,0.00,0.69
,29/11/2021,09:53:20,-40.00,0.00,0.73
,29/11/2021,09:53:39,-40.00,0.00,0.71
,29/11/2021,09:53:59,-40.00,0.00,0.73
,29/11/2021,09:55:05,-40.00,0.00,0.71
,29/11/2021,09:56:29,-40.00,0.00,0.69
,29/11/2021,09:56:36,-40.00,0.00,0.69
,29/11/2021,09:56:55,-40.00,0.00,0.71
,29/11/2021,09:57:14,-40.00,0.00,0.72
,29/11/2021,09:57:35,-40.00,0.00,0.70
,29/11/2021,10:05:10,-40.00,0.00,-0.53
,29/11/2021,10:05:26,-40.00,0.00,-0.52
,29/11/2021,10:06:27,-40.00,0.00,-0.53
,29/11/2021,10:06:43,-40.00,0.00,-0.56
,29/11/2021,10:07:03,-40.00,0.00,-0.56
,29/11/2021,10:07:22,-40.00,0.00,-0.40
,29/11/2021,10:07:41,-40.00,0.00,-0.61
,29/11/2021,10:08:01,-40.00,0.00,-0.58
,29/11/2021,10:15:35,-40.00,0.00,0.64
,29/11/2021,10:15:51,-40.00,0.00,0.64
,29/11/2021,10:16:14,-40.00,0.00,0.00
,29/11/2021,10:17:31,-40.00,0.00,0.00
,29/11/2021,10:17:47,-40.00,0.00,0.00
,29/11/2021,10:18:06,-40.00,0.00,0.00
,29/11/2021,10:18:26,-40.00,0.00,0.00
,29/11/2021,10:18:45,-40.00,0.00,0.00
,29/11/2021,10:19:04,-40.00,0.00,0.00
,29/11/2021,10:20:23,-40.00,0.00,0.77
,29/11/2021,10:20:41,-40.00,0.00,0.00
,29/11/2021,10:24:28,-40.00,0.00,0.00
,29/11/2021,10:24:40,-40.00,0.00,0.00
,29/11/2021,10:25:00,-40.00,0.00,0.00
,29/11/2021,10:25:38,-40.00,0.00,0.00
,29/11/2021,10:26:00,-40.00,0.00,0.00
,29/11/2021,10:26:22,-40.00,0.00,0.00
,29/11/2021,10:26:37,-40.00,0.00,0.00
,29/11/2021,10:27:17,-40.00,0.00,0.00
,29/11/2021,10:27:32,-40.00,0.00,0.00
,29/11/2021,10:28:13,-40.00,0.00,0.00
,29/11/2021,10:28:36,-40.00,0.00,0.00
,29/11/2021,10:29:11,-40.00,0.00,0.00
,29/11/2021,10:29:29,-40.00,0.00,0.00
,29/11/2021,10:29:47,-40.00,0.00,0.00
,29/11/2021,10:30:29,-40.00,0.00,0.00
,29/11/2021,10:41:06,-40.00,0.00,0.00
,29/11/2021,10:41:23,-40.00,0.00,0.00
,29/11/2021,10:42:04,-40.00,0.00,0.00
,29/11/2021,10:47:52,-40.00,0.00,0.00
,29/11/2021,11:01:24,-40.00,0.00,0.00
,29/11/2021,11:02:47,-40.00,0.00,0.00
,29/11/2021,11:03:02,-40.00,0.00,0.00
,29/11/2021,11:03:22,-40.00,0.00,0.00
,29/11/2021,11:03:43,-40.00,0.00,0.00
,29/11/2021,11:08:09,-40.00,0.00,0.00
,29/11/2021,11:10:21,-40.00,0.00,0.00
,29/11/2021,11:25:25,-40.00,0.00,0.00
,29/11/2021,11:37:20,26.96,43.86,0.00
,29/11/2021,11:48:44,27.31,45.25,0.00
,29/11/2021,12:06:02,27.64,46.78,0.00
,29/11/2021,12:06:19,-40.00,0.00,0.00
,29/11/2021,12:06:38,-40.00,0.00,0.00
,29/11/2021,12:06:57,-40.00,0.00,0.00
,29/11/2021,12:07:16,-40.00,0.00,0.00
,29/11/2021,12:09:50,27.65,46.94,0.00
,29/11/2021,12:10:07,27.65,46.94,0.00
,29/11/2021,12:10:26,27.65,47.01,0.00
,29/11/2021,12:10:45,27.66,47.03,0.00
,29/11/2021,12:11:05,27.66,47.01,0.00
,29/11/2021,12:11:24,27.66,46.95,0.00
,29/11/2021,12:11:44,27.66,46.92,0.00
,29/11/2021,12:12:06,27.66,46.94,0.00
,29/11/2021,12:12:23,27.68,46.90,0.00
,29/11/2021,12:12:44,27.68,46.88,0.00
,29/11/2021,12:13:00,27.68,46.88,0.00
,29/11/2021,12:13:20,27.68,46.92,0.00
,29/11/2021,12:13:43,27.69,46.98,0.00
,29/11/2021,12:15:57,27.75,46.88,0.00
,29/11/2021,12:16:14,27.68,46.50,0.00
,29/11/2021,12:16:29,27.69,46.40,0.00
,29/11/2021,12:16:46,27.76,47.03,0.00
,29/11/2021,12:20:07,27.75,47.01,0.00
,29/11/2021,12:51:59,-40.00,0.00,0.00
,29/11/2021,12:52:11,-40.00,0.00,0.00
,29/11/2021,12:58:06,-40.00,0.00,0.00
,29/11/2021,12:58:40,-40.00,0.00,0.00
,29/11/2021,12:58:59,-40.00,0.00,0.00
,29/11/2021,12:59:18,-40.00,0.00,0.00
,29/11/2021,12:59:46,-40.00,0.00,0.00
,29/11/2021,12:59:58,-40.00,0.00,0.00
,29/11/2021,13:00:16,-40.00,0.00,0.00
,29/11/2021,13:00:36,-40.00,0.00,0.00
,29/11/2021,13:01:00,-40.00,0.00,0.00
,29/11/2021,13:01:15,-40.00,0.00,0.00
,29/11/2021,13:02:10,-40.00,0.00,0.00
,29/11/2021,13:02:27,-40.00,0.00,0.00
,29/11/2021,13:02:46,-40.00,0.00,0.00
,29/11/2021,13:03:05,-40.00,0.00,0.00
,29/11/2021,13:03:25,-40.00,0.00,0.00
,29/11/2021,13:03:44,-40.00,0.00,0.00
,29/11/2021,13:04:04,-40.00,0.00,0.00
,29/11/2021,13:04:23,-40.00,0.00,0.00
,29/11/2021,13:04:43,-40.00,0.00,0.00
,29/11/2021,13:05:02,-40.00,0.00,0.00
,29/11/2021,13:05:22,-40.00,0.00,0.00
,29/11/2021,13:05:41,-40.00,0.00,0.00
,29/11/2021,13:06:01,-40.00,0.00,0.00
,29/11/2021,13:06:20,-40.00,0.00,0.00
,29/11/2021,13:06:40,-40.00,0.00,0.00
,29/11/2021,13:07:03,-40.00,0.00,0.00
,29/11/2021,13:07:32,-40.00,0.00,0.00
,29/11/2021,13:08:57,-40.00,0.00,0.00
,29/11/2021,13:09:15,-40.00,0.00,0.00
,29/11/2021,13:09:34,-40.00,0.00,0.00
,29/11/2021,13:09:53,-40.00,0.00,0.00
,29/11/2021,13:10:13,-40.00,0.00,0.00
,29/11/2021,13:15:52,26.42,42.05,0.00
,29/11/2021,13:18:38,26.48,41.37,0.00
,29/11/2021,13:20:05,26.42,40.62,0.00
,29/11/2021,13:20:13,26.40,40.36,0.00
,29/11/2021,13:20:37,26.38,40.30,0.00
,29/11/2021,13:22:21,26.27,39.59,0.00
,29/11/2021,14:58:20,27.46,47.13,0.00
,29/11/2021,14:58:59,27.41,46.41,0.00
,29/11/2021,14:59:09,27.38,45.84,0.00
,29/11/2021,14:59:28,27.37,45.99,0.00
,29/11/2021,15:00:46,27.26,45.26,0.00
,29/11/2021,15:01:05,27.26,45.32,0.00
,29/11/2021,15:01:26,27.23,45.38,0.00
,29/11/2021,15:01:51,27.23,45.29,0.00
,29/11/2021,15:02:04,27.23,44.82,0.00
,29/11/2021,15:02:22,27.21,44.34,0.00
,29/11/2021,15:02:42,27.18,43.91,0.00
,29/11/2021,15:03:00,27.16,43.74,0.00
,29/11/2021,15:03:21,27.14,43.47,0.00
,29/11/2021,15:03:39,27.12,43.33,0.00
,29/11/2021,15:05:04,26.99,43.63,0.00
,29/11/2021,15:25:56,24.59,50.07,0.00
,29/11/2021,15:26:12,24.82,49.04,0.00
,29/11/2021,15:26:31,-40.00,0.00,0.00
,29/11/2021,15:26:53,25.24,47.47,0.00
,29/11/2021,15:27:11,25.39,46.91,0.00
,29/11/2021,15:27:30,25.60,46.43,-2.00
,29/11/2021,15:28:02,25.82,45.96,0.00
,29/11/2021,15:28:26,25.82,45.96,0.00
,29/11/2021,15:28:47,26.00,44.10,0.00
,29/11/2021,15:29:15,26.09,43.93,0.00
,29/11/2021,15:29:34,26.17,43.59,0.00
,29/11/2021,15:31:11,25.99,43.24,0.00
,29/11/2021,15:31:30,25.92,43.01,0.00
,29/11/2021,15:31:49,25.85,43.26,0.00
,29/11/2021,15:32:17,25.79,43.75,0.00
,29/11/2021,15:32:50,25.75,44.12,0.00
,29/11/2021,15:33:07,25.75,44.63,0.00
,29/11/2021,15:33:26,25.75,45.21,0.00
,29/11/2021,15:33:45,25.77,45.81,0.00
,29/11/2021,15:34:04,25.78,46.38,0.00
,29/11/2021,15:34:24,25.79,46.83,0.00
,29/11/2021,15:34:43,25.81,46.61,0.00
,29/11/2021,15:35:02,25.79,46.42,0.00
,29/11/2021,15:35:26,25.79,46.29,0.00
,29/11/2021,15:35:42,25.77,46.15,0.00
,29/11/2021,15:36:01,25.74,46.00,0.00
,29/11/2021,15:36:31,25.73,45.89,0.00
,29/11/2021,15:37:04,25.73,45.89,0.00
,29/11/2021,15:38:15,25.89,44.86,0.00
,29/11/2021,15:38:42,25.90,44.68,0.00
,29/11/2021,15:38:55,25.90,44.68,0.00
,29/11/2021,15:39:16,25.82,43.85,0.00
,29/11/2021,15:39:37,25.73,43.86,0.00
,29/11/2021,15:39:53,25.73,43.86,0.00
,29/11/2021,15:40:12,25.60,43.95,0.00
,29/11/2021,15:40:31,25.56,44.09,0.00
,29/11/2021,15:40:51,25.55,44.56,0.00
,29/11/2021,15:41:10,25.55,44.94,0.00
,29/11/2021,15:41:29,25.56,45.14,0.00
,29/11/2021,15:41:48,25.58,45.47,0.00
,29/11/2021,15:42:08,25.59,45.98,0.00
,29/11/2021,15:42:27,25.63,46.27,0.00
,29/11/2021,15:42:46,25.67,46.56,0.00
,29/11/2021,15:43:10,25.70,46.76,0.00
,29/11/2021,15:44:22,25.99,46.11,0.00
,29/11/2021,15:45:06,26.11,46.08,0.00
,29/11/2021,15:45:21,26.54,45.59,0.00
,29/11/2021,15:45:44,26.78,44.92,0.00
,29/11/2021,15:46:15,26.87,43.28,0.00
,29/11/2021,15:46:19,26.87,43.28,0.00
,29/11/2021,15:46:39,26.63,42.44,0.00
,29/11/2021,15:47:02,26.48,42.24,0.00
,29/11/2021,15:47:17,26.32,42.24,0.00
,29/11/2021,15:47:39,26.17,42.26,0.00
,29/11/2021,15:47:56,26.03,42.32,0.00
,29/11/2021,15:48:15,25.92,42.35,0.00
,29/11/2021,15:48:38,25.81,42.61,0.00
,29/11/2021,15:50:34,26.66,43.29,0.00
,29/11/2021,15:51:05,26.70,42.91,0.00
,29/11/2021,15:51:48,26.57,43.52,0.00
,29/11/2021,15:52:06,26.42,44.03,0.00
,29/11/2021,15:52:30,26.35,43.91,0.00
,29/11/2021,15:53:54,25.90,43.29,0.00
,29/11/2021,15:54:05,25.78,42.74,0.00
,29/11/2021,15:55:12,25.45,43.38,0.00
,29/11/2021,15:55:21,25.45,43.38,0.00
,29/11/2021,15:55:39,25.26,43.48,0.00
,29/11/2021,15:56:06,25.17,43.48,0.00
,29/11/2021,15:56:49,25.07,43.49,0.00
,29/11/2021,15:56:53,25.07,43.49,0.00
,29/11/2021,15:57:15,24.86,43.30,0.00
,29/11/2021,16:00:33,24.83,46.60,0.00
,29/11/2021,16:02:31,24.95,45.25,0.00
,29/11/2021,16:02:42,24.90,45.10,0.00
,29/11/2021,16:03:21,24.86,44.94,0.00
,29/11/2021,16:03:44,24.82,44.70,0.00
,29/11/2021,16:04:59,24.56,44.16,0.00
,29/11/2021,16:05:19,24.48,44.21,0.00
,29/11/2021,16:05:39,24.43,44.13,0.00
,29/11/2021,16:05:55,24.37,44.02,0.00
,29/11/2021,16:07:12,24.26,44.34,0.00
,29/11/2021,16:07:36,24.25,44.63,0.00
,29/11/2021,16:08:10,24.26,45.17,0.00
,29/11/2021,16:08:47,24.37,46.66,0.00
,29/11/2021,16:09:11,24.43,46.95,0.00
,29/11/2021,16:09:27,24.49,47.22,0.00
,29/11/2021,16:10:12,24.53,47.27,0.00
,29/11/2021,16:10:37,24.64,46.50,0.00
,29/11/2021,16:10:45,24.64,46.50,0.00
,29/11/2021,16:14:12,24.26,44.60,0.00
,29/11/2021,16:14:35,24.15,44.38,0.00
,29/11/2021,16:14:56,24.11,44.42,0.00
,29/11/2021,16:15:34,24.06,44.25,0.00
,29/11/2021,16:16:06,23.99,44.27,0.00
,29/11/2021,16:16:52,24.02,45.20,0.00
,29/11/2021,16:17:18,24.06,45.79,0.00
,29/11/2021,16:17:43,24.10,46.38,0.00
,29/11/2021,16:17:52,24.10,46.38,0.00
,29/11/2021,16:18:18,24.41,47.39,0.00
,29/11/2021,16:18:30,24.60,47.19,0.00
,29/11/2021,16:18:47,24.75,46.84,0.00
,29/11/2021,16:19:10,24.80,46.41,0.00
,29/11/2021,16:19:25,24.80,45.94,0.00
,29/11/2021,16:19:45,24.79,45.39,0.00
,29/11/2021,16:20:04,24.75,44.96,0.00
,29/11/2021,16:20:31,24.68,44.75,0.00
,29/11/2021,16:20:46,24.62,44.51,0.00
,29/11/2021,16:21:02,24.52,44.47,0.00
,29/11/2021,16:21:22,24.44,44.40,0.00
,29/11/2021,16:21:40,24.36,44.40,0.00
,29/11/2021,16:22:02,24.29,44.43,0.00
,29/11/2021,16:22:19,24.19,44.49,0.00
,29/11/2021,16:22:43,24.14,44.48,0.00
,29/11/2021,16:22:57,24.07,44.37,0.00
,29/11/2021,16:23:17,24.03,44.37,0.00
,29/11/2021,16:23:36,23.99,44.20,0.00
,29/11/2021,16:23:55,23.95,44.09,0.00
,29/11/2021,16:24:14,23.94,44.11,0.00
,29/11/2021,16:24:37,23.89,44.25,0.00
,29/11/2021,16:24:54,23.87,44.47,0.00
,29/11/2021,16:25:21,23.88,44.82,0.00
,29/11/2021,16:25:33,23.95,47.09,0.00
,29/11/2021,16:26:48,24.62,46.22,0.00
,29/11/2021,16:27:08,24.70,46.04,0.00
,29/11/2021,16:27:27,24.78,45.99,0.00
,29/11/2021,16:27:46,24.83,46.01,0.00
,29/11/2021,16:28:05,24.84,45.75,0.00
,29/11/2021,16:28:24,24.86,45.39,0.00
,29/11/2021,16:28:44,24.86,45.00,0.00
,29/11/2021,16:29:03,24.83,44.49,0.00
,29/11/2021,16:29:23,24.76,44.17,0.00
,29/11/2021,16:29:42,24.67,43.98,0.00
,29/11/2021,16:30:01,24.60,43.88,0.00
,29/11/2021,16:30:20,24.51,43.88,0.00
,29/11/2021,16:30:39,24.41,44.00,0.00
,29/11/2021,16:30:58,24.34,43.98,0.00
,29/11/2021,16:31:29,24.26,43.93,0.00
,29/11/2021,16:31:37,24.15,43.74,0.00
,29/11/2021,16:31:57,24.10,43.96,0.00
,29/11/2021,16:32:16,24.04,44.00,0.00
,29/11/2021,16:32:35,24.00,43.95,0.00
,29/11/2021,16:32:54,23.96,43.84,0.00
,29/11/2021,16:33:41,23.94,43.73,0.00
,29/11/2021,16:34:03,23.96,44.35,0.00
,29/11/2021,16:34:12,24.04,44.64,0.00
,29/11/2021,16:34:31,24.11,45.03,0.00
,29/11/2021,16:34:50,24.19,45.37,0.00
,29/11/2021,16:35:10,24.28,45.54,0.00
,29/11/2021,16:35:30,24.37,45.75,0.00
,29/11/2021,16:35:57,24.48,46.01,0.00
,29/11/2021,16:36:07,24.56,46.22,0.00
,29/11/2021,16:36:27,24.63,46.36,0.00
,29/11/2021,16:36:46,24.70,46.18,0.00
,29/11/2021,16:37:05,24.76,45.63,0.00
,29/11/2021,16:37:42,24.82,44.95,0.00
,29/11/2021,16:38:03,24.73,44.05,0.00
,29/11/2021,16:38:24,24.63,43.84,0.00
,29/11/2021,16:38:47,24.53,43.90,0.00
,29/11/2021,16:39:01,24.47,44.01,0.00
,29/11/2021,16:39:24,24.37,44.06,0.00
,14/12/2021,18:50:21,26.53,59.22,0.00
,14/12/2021,18:50:36,26.62,58.34,0.00
,17/12/2021,14:35:34,26.88,62.06,0.00
,17/12/2021,14:35:55,26.89,61.91,0.00
,17/12/2021,14:36:11,26.92,61.77,0.00
,17/12/2021,14:36:30,26.93,61.66,0.00
,17/12/2021,14:36:50,26.95,61.55,0.00
,17/12/2021,14:37:08,26.96,61.55,0.00
,17/12/2021,14:37:28,26.96,61.61,0.00
,17/12/2021,14:37:47,26.97,61.59,0.00
,17/12/2021,14:38:05,26.97,61.54,0.00
,17/12/2021,14:40:48,27.00,61.62,0.00
,17/12/2021,14:44:56,27.04,61.74,0.00
,17/12/2021,14:50:42,26.95,61.99,0.00
,17/12/2021,14:50:56,26.91,61.99,0.00
,17/12/2021,14:55:30,26.92,62.37,0.00
,17/12/2021,14:55:45,26.92,62.32,0.00
,17/12/2021,14:56:04,26.93,62.34,0.00
,17/12/2021,14:56:25,26.95,62.32,0.00
,17/12/2021,14:56:42,26.97,62.28,0.00
,17/12/2021,14:57:04,26.97,62.20,0.00
,17/12/2021,14:57:21,26.97,62.18,0.00
,17/12/2021,15:02:12,27.03,62.37,0.00
,17/12/2021,15:02:29,27.03,62.43,0.00
,17/12/2021,15:02:48,27.03,62.52,0.00
,17/12/2021,15:03:08,27.02,62.46,0.00
,17/12/2021,15:09:36,26.61,58.04,0.00
,17/12/2021,15:11:35,26.42,56.83,0.00
,17/12/2021,15:11:48,26.39,56.24,0.00
,17/12/2021,15:12:24,26.36,55.94,0.00
,17/12/2021,15:12:48,26.34,55.43,0.00
,17/12/2021,15:13:05,26.32,55.09,0.00
,17/12/2021,15:18:36,25.71,52.61,0.00
,17/12/2021,15:20:13,25.59,51.92,0.00
,17/12/2021,15:20:32,25.58,51.72,0.00
,17/12/2021,15:20:48,25.58,51.58,0.00
,17/12/2021,15:21:08,25.58,51.32,0.00
,17/12/2021,15:21:26,25.56,51.37,0.00
,17/12/2021,15:21:46,25.58,51.23,0.00
,17/12/2021,15:22:05,25.56,51.07,0.00
,17/12/2021,15:22:25,25.55,50.54,0.00
,17/12/2021,15:22:45,25.52,50.74,0.00
,17/12/2021,15:23:04,25.52,50.57,0.00
,17/12/2021,15:25:40,25.47,49.27,0.00
,17/12/2021,15:25:56,25.45,49.19,0.00
,17/12/2021,15:38:55,25.56,49.27,0.00
,17/12/2021,15:39:15,25.60,49.28,0.00